kohde;jasen;pvknro;sp;ASALUE;IKAL1;V1;V5;V7;V21;V22;V27;V32;V33;V40;V68;V69;V70;V75;H1a_A;H1b_A;H1g_A;H1h_A;H1i_A
50002;1;2;1;1.0;6;380;10;0;0;0;0;450;70;0;10;0;130;0;2.0;2.0;1.0;1.0;1.0
50002;2;2;2;1.0;6;470;20;10;0;0;0;480;50;0;40;0;0;0;1.0;2.0;1.0;1.0;1.0
50009;1;2;2;1.0;7;350;30;10;0;0;40;460;30;0;80;0;120;0;1.0;1.0;2.0;1.0;1.0
50011;1;2;2;3.0;4;360;20;0;0;0;0;430;100;0;0;0;20;0;1.0;1.0;1.0;1.0;1.0
50012;1;1;2;1.0;8;0;50;70;0;0;10;600;80;0;10;0;350;0;2.0;1.0;1.0;2.0;2.0
50015;1;1;1;3.0;8;0;10;0;0;0;0;450;80;0;310;10;240;0;2.0;1.0;2.0;1.0;2.0
50015;2;1;2;3.0;8;0;30;40;0;0;0;490;70;0;40;0;100;0;2.0;1.0;2.0;1.0;2.0
50022;1;1;2;1.0;6;480;20;20;30;0;0;570;100;0;0;0;0;?;2.0;2.0;2.0;1.0;2.0
50024;1;2;1;1.0;4;680;0;0;30;0;0;490;20;0;0;0;50;0;2.0;2.0;1.0;1.0;2.0
50030;1;2;1;2.0;6;0;30;0;0;0;0;570;110;0;70;0;190;0;1.0;1.0;2.0;1.0;1.0
50030;2;2;2;2.0;6;0;0;0;0;0;0;680;120;0;80;0;180;0;2.0;1.0;2.0;1.0;2.0
50035;1;2;1;1.0;4;00:00;?;00:00;02:40;00:00;01:20;09:20;01:30;00:00;00:00;00:00;00:10;00:00;2.0;2.0;2.0;1.0;2.0
50035;2;2;2;1.0;4;00:00;00:00;00:00;03:40;00:00;01:20;09:30;01:10;00:00;00:00;00:00;00:00;00:00;2.0;2.0;2.0;1.0;2.0
50051;1;2;1;1.0;4;740;0;0;30;20;0;450;30;0;0;0;0;0;1.0;2.0;2.0;1.0;1.0
50051;2;2;2;1.0;4;410;0;10;40;0;0;540;70;0;0;0;120;30;1.0;2.0;2.0;1.0;2.0
50058;1;1;2;1.0;4;420;0;0;0;0;0;360;90;0;140;0;110;0;1.0;1.0;2.0;1.0;2.0
50078;1;2;1;1.0;3;0;10;0;0;0;20;450;180;0;0;0;150;20;1.0;2.0;2.0;2.0;1.0
50078;2;2;2;1.0;3;0;0;0;0;0;0;490;80;0;0;0;0;20;1.0;2.0;1.0;1.0;2.0
50080;1;1;1;2.0;6;0;0;0;0;0;30;350;140;0;30;0;0;0;2.0;2.0;2.0;1.0;1.0
50083;1;1;1;1.0;8;0;110;0;0;0;0;540;140;0;0;0;30;0;2.0;2.0;1.0;1.0;2.0
50083;2;1;2;1.0;8;0;90;20;0;0;0;480;120;0;110;0;120;60;2.0;2.0;2.0;1.0;2.0
50093;1;1;2;1.0;9;0;70;40;0;0;20;570;120;0;120;0;190;0;2.0;2.0;2.0;2.0;2.0
50093;2;1;1;1.0;9;0;30;0;0;0;20;470;110;0;250;0;320;0;2.0;2.0;2.0;2.0;2.0
50095;1;1;2;3.0;6;0;130;?;0;0;0;480;40;0;70;0;30;60;2.0;1.0;1.0;1.0;2.0
50095;2;1;1;3.0;6;530;0;0;0;0;0;420;90;0;20;0;80;0;?;?;?;?;?
50097;1;1;1;1.0;6;0;50;0;0;0;20;420;50;0;30;10;210;0;1.0;2.0;1.0;2.0;1.0
50101;1;1;1;1.0;6;0;10;0;0;0;0;610;20;0;0;20;170;?;1.0;2.0;2.0;1.0;1.0
50101;2;1;2;1.0;6;0;270;20;0;0;10;470;50;0;60;20;0;0;2.0;2.0;1.0;2.0;1.0
50102;1;1;1;1.0;4;450;0;0;0;0;0;470;60;0;0;0;0;0;0.0;180.0;0.0;240.0;180.0
50103;1;1;2;3.0;8;00:00;01:20;00:30;00:00;00:00;00:00;05:50;00:30;00:00;02:20;01:00;02:00;00:00;2.0;?;2.0;1.0;1.0
50103;2;1;1;3.0;9;00:00;00:00;00:00;00:00;00:00;00:00;09:10;01:50;00:00;02:20;00:50;01:50;00:00;2.0;1.0;2.0;2.0;1.0
50118;1;1;2;1.0;7;0;40;30;0;0;0;620;70;0;150;0;120;0;1.0;1.0;1.0;1.0;1.0
50119;2;2;1;1.0;6;430;10;0;0;0;40;500;80;0;40;0;90;0;2.0;2.0;1.0;1.0;2.0
50121;2;1;2;1.0;5;0;50;0;10;0;90;740;100;0;0;0;190;0;1.0;2.0;2.0;1.0;1.0
50124;1;1;1;2.0;6;0;0;0;10;0;20;470;100;0;20;0;540;0;1.0;2.0;2.0;1.0;2.0
50124;2;1;2;2.0;6;0;70;40;0;0;270;550;90;0;60;0;140;0;1.0;1.0;2.0;1.0;2.0
50125;1;2;2;1.0;6;0;0;10;50;0;160;470;60;0;60;0;30;0;1.0;1.0;2.0;1.0;1.0
50126;1;1;2;3.0;3;0;0;0;0;0;40;600;70;260;40;0;0;50;1.0;1.0;1.0;1.0;2.0
50140;1;1;1;1.0;5;00:00;00:50;00:30;01:20;00:30;00:30;09:00;01:50;00:00;00:00;00:00;02:00;00:00;1.0;1.0;1.0;1.0;2.0
50140;2;1;2;1.0;5;00:00;00:30;00:00;00:00;00:00;00:30;11:00;00:40;00:00;00:00;00:00;02:00;00:00;1.0;1.0;1.0;1.0;2.0
50142;1;1;2;2.0;8;0;70;40;0;0;30;630;50;0;140;0;220;0;2.0;1.0;2.0;1.0;2.0
50142;2;1;1;2.0;8;0;0;0;0;0;0;670;40;0;40;0;350;0;?;?;?;?;?
50145;1;1;1;2.0;7;0;0;0;10;50;0;520;100;0;50;0;260;0;2.0;2.0;2.0;2.0;2.0
50145;2;1;2;2.0;5;0;110;0;120;30;0;500;70;0;30;0;90;0;2.0;2.0;1.0;1.0;2.0
50147;1;1;2;1.0;5;0;110;70;0;10;10;590;130;0;30;0;50;10;1.0;1.0;2.0;1.0;2.0
50147;2;1;1;1.0;5;0;20;0;10;30;0;630;200;0;20;0;100;0;1.0;1.0;2.0;1.0;1.0
50148;1;1;2;1.0;8;0;0;0;0;0;0;300;80;0;30;0;950;10;2.0;2.0;2.0;2.0;2.0
50150;1;1;1;1.0;8;0;20;0;0;0;60;470;210;0;110;0;180;0;2.0;1.0;1.0;1.0;1.0
50150;2;1;2;1.0;7;0;50;10;0;0;50;450;80;0;180;0;150;0;2.0;1.0;1.0;1.0;2.0
50161;1;2;2;3.0;7;0;90;20;0;0;0;500;150;0;70;0;0;0;2.0;1.0;1.0;1.0;1.0
50161;2;2;1;3.0;8;250;220;0;0;0;0;450;140;0;40;0;0;0;2.0;1.0;2.0;2.0;1.0
50162;1;1;1;2.0;6;0;30;0;0;0;0;520;60;0;0;0;240;0;60.0;60.0;120.0;0.0;0.0
50162;2;1;2;2.0;6;0;30;0;0;0;0;630;90;0;30;0;80;0;0.0;0.0;0.0;0.0;240.0
50163;1;2;2;1.0;6;0;60;30;0;0;30;490;100;0;30;0;230;10;1.0;2.0;2.0;1.0;1.0
50163;2;2;1;1.0;7;450;0;0;0;0;40;630;100;0;60;0;40;0;?;?;?;?;?
50165;1;2;1;1.0;8;00:00;00:00;00:00;00:00;00:00;00:00;09:30;02:30;00:00;00:50;00:00;01:30;00:00;1.0;1.0;2.0;1.0;2.0
50165;2;2;2;1.0;8;00:00;01:30;00:20;00:00;00:00;02:10;08:10;01:20;00:00;01:00;00:00;02:30;00:00;1.0;1.0;2.0;1.0;2.0
50168;1;1;2;1.0;6;07:00;00:10;00:00;00:00;00:00;00:20;07:40;00:20;00:00;00:30;00:00;05:20;00:00;1.0;2.0;1.0;1.0;1.0
50175;1;1;2;1.0;6;460;0;0;20;0;20;430;70;0;20;0;40;0;1.0;1.0;2.0;1.0;1.0
50175;2;1;1;1.0;6;680;0;0;0;0;0;420;80;0;30;0;120;0;1.0;1.0;2.0;1.0;1.0
50176;1;2;2;1.0;6;0;0;10;0;0;0;430;30;0;0;0;170;0;1.0;1.0;2.0;2.0;2.0
50176;2;2;1;1.0;7;0;20;0;0;0;0;390;80;0;10;0;200;0;1.0;1.0;1.0;2.0;1.0
50177;2;2;1;3.0;7;610;0;0;0;0;0;370;70;0;0;?;0;0;2.0;2.0;2.0;1.0;1.0
50178;1;2;2;2.0;6;0;20;0;0;0;30;460;120;0;100;0;120;0;1.0;1.0;1.0;1.0;2.0
50182;1;1;2;3.0;8;0;80;40;0;0;0;600;70;0;10;0;160;0;2.0;2.0;2.0;2.0;2.0
50185;1;2;2;1.0;8;0;30;10;0;0;10;270;260;?;140;80;100;0;2.0;1.0;1.0;1.0;1.0
50186;1;1;1;1.0;6;0;80;0;0;0;0;640;70;0;40;0;50;0;1.0;1.0;2.0;2.0;1.0
50188;1;2;2;2.0;6;0;120;10;0;0;0;510;50;0;0;0;140;70;2.0;2.0;2.0;1.0;1.0
50188;2;2;1;2.0;6;720;10;0;0;0;10;240;40;0;0;0;0;50;2.0;2.0;1.0;2.0;1.0
50194;1;1;2;3.0;5;0;60;10;0;0;0;560;80;0;20;0;120;0;2.0;1.0;1.0;1.0;1.0
50196;1;1;2;1.0;8;0;30;40;0;0;0;580;80;0;60;0;210;0;2.0;2.0;2.0;1.0;2.0
50204;1;1;1;1.0;6;30;60;0;0;0;50;490;70;0;100;0;280;0;2.0;1.0;2.0;1.0;1.0
50204;2;1;2;1.0;6;0;0;0;0;0;60;600;100;0;200;0;60;0;1.0;1.0;2.0;1.0;2.0
50205;1;1;2;1.0;5;0;30;0;30;0;30;490;10;0;270;0;130;0;1.0;1.0;1.0;1.0;1.0
50209;1;2;1;1.0;8;0;110;20;0;0;50;550;150;0;80;0;90;0;1.0;1.0;1.0;1.0;2.0
50209;2;2;2;1.0;8;0;90;40;0;0;0;600;110;0;60;0;90;0;1.0;1.0;1.0;1.0;2.0
50210;1;2;1;1.0;4;300;0;0;0;0;0;660;60;0;0;0;0;0;1.0;1.0;1.0;1.0;1.0
50214;1;2;1;1.0;6;560;0;0;0;0;0;400;10;0;0;0;50;0;1.0;2.0;2.0;1.0;1.0
50214;2;2;2;1.0;5;510;10;10;0;0;0;430;40;?;0;0;100;0;1.0;1.0;2.0;1.0;1.0
50215;1;1;2;1.0;4;440;20;20;0;0;0;550;80;0;0;0;150;0;1.0;1.0;1.0;1.0;1.0
50215;2;1;1;1.0;5;480;0;0;0;0;0;420;80;0;20;0;100;0;1.0;1.0;1.0;1.0;1.0
50218;1;2;1;1.0;6;0;30;10;0;0;0;600;50;0;90;0;370;0;2.0;2.0;2.0;1.0;2.0
50218;2;2;2;1.0;9;0;0;0;0;0;0;530;90;0;0;110;620;0;?;?;?;?;?
50222;1;1;2;1.0;6;0;70;30;0;0;0;480;120;0;0;0;50;0;2.0;1.0;1.0;2.0;2.0
50227;1;1;2;1.0;8;0;30;30;0;0;30;500;70;0;230;80;60;60;1.0;1.0;1.0;1.0;2.0
50228;1;1;2;2.0;7;00:00;01:10;00:30;00:00;00:00;00:00;08:40;01:10;00:00;00:20;00:00;05:40;00:00;2.0;2.0;1.0;2.0;2.0
50228;2;1;1;2.0;7;00:00;00:00;00:00;00:00;00:00;01:10;09:00;00:50;00:00;00:20;00:00;06:00;00:00;2.0;2.0;1.0;2.0;1.0
50232;2;2;2;1.0;6;0;40;10;0;0;30;520;60;0;90;0;290;0;1.0;2.0;1.0;1.0;1.0
50234;1;1;2;1.0;7;0;0;30;0;0;0;590;170;0;140;0;180;10;1.0;1.0;2.0;1.0;2.0
50237;1;2;1;3.0;7;0;50;0;0;0;0;550;140;0;50;0;150;0;2.0;1.0;2.0;2.0;2.0
50237;2;2;2;3.0;6;460;70;10;0;0;0;490;100;0;110;0;80;0;2.0;1.0;2.0;2.0;2.0
50238;1;1;2;3.0;9;0;90;20;0;0;0;480;120;0;140;0;270;0;2.0;2.0;2.0;2.0;2.0
50238;2;1;1;3.0;9;0;10;20;0;0;0;480;130;0;150;0;300;0;2.0;2.0;2.0;2.0;2.0
50239;1;1;1;1.0;8;00:00;00:30;00:10;00:00;00:00;00:00;06:10;01:00;00:00;09:00;00:00;04:30;00:00;2.0;2.0;2.0;1.0;2.0
50239;2;1;2;1.0;7;00:00;00:20;00:00;00:00;00:00;00:00;08:30;02:30;00:00;00:10;00:00;05:30;?;2.0;1.0;1.0;1.0;2.0
50241;1;2;1;3.0;9;0;30;0;0;0;0;490;130;0;120;40;140;0;2.0;2.0;2.0;2.0;2.0
50242;1;2;1;1.0;7;0;60;0;0;0;0;470;70;0;40;0;310;0;2.0;1.0;2.0;1.0;2.0
50242;2;2;2;1.0;7;0;0;0;0;0;0;410;180;0;290;0;120;0;2.0;1.0;2.0;1.0;2.0
50243;2;1;1;1.0;6;0;50;10;0;0;30;550;90;0;0;0;280;0;1.0;2.0;2.0;1.0;1.0
50247;1;2;1;3.0;6;440;10;0;0;0;0;440;100;0;50;0;80;0;2.0;2.0;1.0;1.0;1.0
50247;2;2;2;3.0;6;0;70;40;0;0;0;630;90;0;110;10;20;40;2.0;2.0;1.0;1.0;?
50250;1;1;1;2.0;5;0;0;20;0;0;10;410;120;0;50;0;?;0;2.0;2.0;2.0;1.0;1.0
50250;2;1;2;2.0;5;0;90;30;70;30;10;390;70;0;60;0;220;20;1.0;2.0;1.0;1.0;1.0
50251;1;2;2;1.0;5;360;20;0;0;0;0;470;20;0;0;10;0;20;1.0;1.0;1.0;1.0;1.0
50256;1;1;1;2.0;7;450;30;0;0;0;50;340;80;0;60;0;110;20;2.0;2.0;2.0;1.0;2.0
50258;2;1;1;1.0;7;0;0;0;0;0;40;540;50;0;0;0;210;0;2.0;2.0;2.0;2.0;2.0
50259;1;1;1;1.0;8;250;0;0;20;0;70;240;10;0;190;0;110;0;2.0;2.0;1.0;1.0;2.0
50264;1;1;2;1.0;7;0;90;10;0;0;0;470;80;0;40;0;310;0;2.0;2.0;2.0;2.0;2.0
50264;2;1;1;1.0;6;430;20;10;0;0;20;430;60;0;10;0;210;?;2.0;2.0;1.0;2.0;2.0
50265;1;2;1;1.0;3;0;30;0;0;0;0;570;20;0;0;0;0;0;0.0;240.0;120.0;0.0;240.0
50270;1;1;2;3.0;4;240;10;30;0;0;0;470;110;0;0;0;160;0;1.0;1.0;1.0;1.0;2.0
50270;2;1;2;3.0;7;0;100;40;0;0;70;460;90;0;70;0;130;20;1.0;1.0;1.0;1.0;1.0
50271;1;1;2;3.0;8;0;30;50;0;0;0;470;120;0;210;0;280;0;2.0;2.0;2.0;2.0;2.0
50271;2;1;1;3.0;9;0;0;0;?;?;40;400;110;0;250;20;160;0;2.0;2.0;2.0;1.0;1.0
50272;1;2;1;1.0;7;290;10;0;0;0;0;310;30;0;30;0;470;0;2.0;1.0;1.0;1.0;1.0
50272;2;2;2;1.0;6;30;0;50;0;0;0;580;130;0;100;0;0;0;2.0;1.0;1.0;1.0;1.0
50277;1;2;1;1.0;4;0;10;0;10;0;20;480;90;350;30;0;50;0;2.0;2.0;2.0;2.0;2.0
50277;2;2;2;1.0;4;0;50;50;200;110;0;400;90;0;20;0;110;10;2.0;2.0;2.0;2.0;2.0
50278;1;1;2;3.0;6;0;20;0;0;0;0;520;40;0;0;0;250;40;1.0;2.0;2.0;1.0;2.0
50278;2;1;1;3.0;6;0;10;0;0;0;30;550;60;0;0;0;180;0;1.0;2.0;2.0;2.0;2.0
50285;1;1;2;1.0;7;370;0;20;0;0;20;420;80;0;40;0;90;20;1.0;1.0;1.0;1.0;2.0
50285;2;1;1;1.0;6;390;0;0;0;0;120;530;60;0;0;0;80;0;1.0;2.0;1.0;2.0;2.0
50293;1;2;2;2.0;6;0;160;50;0;0;0;?;130;0;20;0;0;0;?;1.0;1.0;1.0;1.0
50295;1;2;2;1.0;8;0;80;30;0;0;60;500;70;0;100;0;240;10;1.0;1.0;1.0;1.0;1.0
50295;2;2;1;1.0;8;?;0;0;0;0;60;500;70;0;90;0;390;0;1.0;1.0;1.0;1.0;1.0
50302;1;1;2;1.0;8;0;60;20;0;0;50;600;70;0;50;0;170;0;1.0;2.0;1.0;2.0;2.0
50302;2;1;1;1.0;8;0;10;0;0;0;20;600;90;0;?;0;270;0;2.0;2.0;2.0;2.0;1.0
50303;1;2;1;1.0;3;00:00;00:00;00:00;00:00;00:00;00:00;11:40;01:30;00:00;00:00;00:00;02:30;00:00;1.0;1.0;1.0;1.0;1.0
50307;1;2;2;1.0;9;0;110;40;0;0;0;540;100;0;90;10;120;20;2.0;1.0;2.0;1.0;2.0
50316;1;1;2;3.0;3;0;10;0;0;0;240;640;80;0;0;0;260;0;1.0;2.0;2.0;1.0;2.0
50316;2;1;1;3.0;4;0;0;0;0;0;240;670;60;0;0;0;200;0;1.0;2.0;2.0;1.0;2.0
50328;1;2;2;1.0;6;0;50;0;0;0;30;600;40;0;220;0;240;0;1.0;1.0;2.0;1.0;1.0
50328;2;2;1;1.0;6;0;10;0;0;0;0;640;?;0;30;0;90;0;1.0;1.0;1.0;1.0;1.0
50332;1;1;2;1.0;7;0;0;0;0;0;0;560;110;0;40;90;230;0;2.0;2.0;2.0;2.0;2.0
50333;2;2;1;3.0;6;11:30;00:00;00:00;00:00;00:00;00:20;06:50;01:10;00:00;00:30;00:00;00:00;00:00;1.0;1.0;2.0;2.0;1.0
50339;1;2;2;1.0;7;580;20;0;0;0;20;470;60;0;20;0;100;30;2.0;1.0;1.0;2.0;1.0
50340;1;2;2;1.0;9;0;190;10;0;0;0;620;130;0;60;120;0;60;2.0;2.0;2.0;2.0;2.0
50353;1;1;1;1.0;6;09:20;00:10;00:00;00:00;00:00;00:10;07:50;00:50;00:00;01:00;00:00;03:00;00:00;1.0;2.0;1.0;1.0;1.0
50361;1;1;2;1.0;3;0;60;0;0;0;0;430;130;0;0;0;270;0;1.0;1.0;1.0;1.0;2.0
50363;1;2;1;1.0;4;00:00;00:50;00:00;02:20;04:10;00:00;11:00;01:00;00:00;00:00;00:00;00:00;00:00;1.0;2.0;1.0;1.0;2.0
50363;2;2;2;1.0;4;00:00;00:10;00:00;03:00;01:50;00:00;09:40;01:50;00:00;00:10;00:00;00:00;00:00;1.0;2.0;1.0;1.0;1.0
50371;1;1;2;1.0;6;400;20;10;0;0;30;470;40;0;30;0;0;50;1.0;1.0;2.0;2.0;1.0
50377;1;2;1;3.0;4;0;20;30;120;160;0;580;70;0;0;?;0;0;2.0;2.0;2.0;1.0;2.0
50377;2;2;2;3.0;4;0;50;20;180;0;130;400;80;0;0;0;0;10;2.0;2.0;1.0;1.0;2.0
50382;2;2;1;1.0;6;0;0;0;0;0;60;440;90;0;30;0;180;0;?;?;?;?;?
50385;1;2;1;3.0;8;0;20;0;0;0;0;580;70;0;10;0;170;0;2.0;1.0;2.0;2.0;1.0
50385;2;2;2;3.0;8;0;90;50;0;0;0;550;70;0;90;0;150;40;2.0;1.0;2.0;2.0;1.0
50389;1;2;1;1.0;3;00:00;00:00;00:00;00:00;00:00;00:20;12:00;01:00;02:10;00:00;00:00;00:00;00:00;1.0;1.0;1.0;1.0;2.0
50391;1;1;2;1.0;6;500;30;10;0;0;30;550;60;0;10;0;40;10;1.0;1.0;1.0;1.0;1.0
50391;2;1;1;1.0;6;0;0;0;0;0;?;520;100;0;0;0;40;0;2.0;2.0;1.0;1.0;2.0
50393;1;2;1;1.0;4;0;50;0;0;200;30;530;110;0;0;0;50;0;2.0;2.0;2.0;1.0;2.0
50393;2;2;2;1.0;5;0;0;0;0;210;0;640;140;0;300;0;0;0;2.0;2.0;1.0;1.0;2.0
50399;1;1;2;1.0;7;0;0;50;0;0;0;540;180;0;0;?;400;0;2.0;1.0;2.0;2.0;1.0
50399;2;1;1;1.0;7;0;0;0;0;0;0;590;180;0;0;0;400;0;1.0;2.0;2.0;2.0;1.0
50404;1;2;2;2.0;4;0;130;10;70;20;0;570;70;0;40;0;80;0;1.0;1.0;2.0;1.0;2.0
50407;1;1;1;1.0;4;600;0;0;0;0;0;600;50;0;0;0;50;0;1.0;1.0;1.0;1.0;1.0
50411;1;2;2;3.0;9;0;100;80;0;0;0;700;130;0;170;0;120;0;2.0;2.0;2.0;2.0;2.0
50411;2;2;1;3.0;9;0;0;?;0;0;0;730;130;0;140;0;140;0;2.0;2.0;2.0;2.0;2.0
50414;1;1;2;1.0;6;0;80;20;0;0;0;330;230;0;90;0;0;40;1.0;2.0;1.0;1.0;2.0
50422;1;1;1;1.0;6;460;0;0;0;0;20;380;100;0;0;0;120;0;1.0;2.0;1.0;1.0;1.0
50428;1;2;2;3.0;8;0;70;20;0;0;30;660;80;0;60;10;190;0;2.0;2.0;2.0;2.0;2.0
50428;2;2;1;3.0;5;360;0;0;0;?;30;490;120;0;80;10;80;0;2.0;2.0;1.0;2.0;1.0
50429;1;1;1;3.0;5;07:20;00:00;00:00;00:00;00:00;00:00;08:20;01:00;00:00;00:00;00:00;06:10;00:00;1.0;1.0;1.0;2.0;1.0
50429;2;1;2;3.0;5;00:00;01:50;00:00;03:30;00:00;00:20;07:20;01:00;00:00;00:00;00:00;03:40;00:10;1.0;1.0;1.0;1.0;1.0
50430;1;2;1;2.0;7;0;30;0;0;0;0;520;70;0;50;0;70;0;2.0;2.0;2.0;2.0;2.0
50430;2;2;2;2.0;8;0;10;0;0;0;0;510;90;0;20;0;350;10;1.0;1.0;1.0;1.0;2.0
50435;1;1;1;1.0;7;0;30;0;0;0;0;500;70;0;220;0;330;0;2.0;2.0;2.0;1.0;2.0
50436;1;1;2;1.0;5;0;20;10;0;0;40;450;80;0;90;0;?;20;2.0;2.0;2.0;1.0;2.0
50436;2;1;1;1.0;5;0;40;0;40;30;0;500;50;0;60;0;30;10;1.0;1.0;2.0;1.0;2.0
50438;1;1;2;1.0;5;0;20;0;0;0;40;700;60;0;190;0;220;30;1.0;1.0;2.0;1.0;2.0
50443;1;1;2;2.0;7;0;70;50;0;0;0;530;80;0;170;0;290;0;2.0;1.0;1.0;2.0;2.0
50443;2;1;1;2.0;7;40;50;0;0;0;10;610;80;0;140;0;200;0;1.0;1.0;1.0;1.0;1.0
50445;1;1;1;1.0;7;110;0;0;0;0;60;600;80;0;0;0;90;30;2.0;2.0;1.0;1.0;2.0
50447;1;1;2;3.0;4;00:00;01:20;00:20;00:00;00:00;00:00;10:50;01:10;00:00;02:20;00:00;03:40;00:00;2.0;1.0;1.0;1.0;2.0
50447;2;1;1;3.0;5;00:00;01:10;01:10;00:00;00:00;00:40;10:10;03:50;00:00;00:50;00:00;04:20;00:00;?;?;?;?;?
50452;1;2;2;1.0;8;0;90;0;0;0;0;560;140;0;90;0;180;0;2.0;1.0;2.0;1.0;2.0
50456;1;2;2;1.0;6;0;120;70;0;0;0;640;100;0;30;10;180;40;2.0;1.0;1.0;1.0;2.0
50456;2;2;1;1.0;7;70;?;0;0;0;0;480;110;0;80;0;180;0;?;?;?;?;?
50459;1;2;2;1.0;5;440;20;0;0;0;20;560;40;0;0;0;240;0;1.0;1.0;1.0;2.0;1.0
50459;2;2;1;1.0;5;360;0;0;0;0;20;340;50;0;10;0;0;0;1.0;1.0;1.0;1.0;1.0
50461;1;1;2;1.0;6;08:50;00:40;00:20;00:00;00:00;00:40;04:20;00:50;00:00;00:40;00:10;02:20;00:40;1.0;1.0;1.0;1.0;2.0
50464;1;1;2;1.0;6;00:00;00:50;01:00;00:00;00:00;00:50;09:10;05:30;00:00;00:00;00:00;00:00;00:20;1.0;1.0;1.0;1.0;2.0
50472;1;1;1;3.0;8;00:00;00:20;00:30;00:00;00:00;00:00;10:20;02:50;00:00;00:30;00:00;00:50;00:00;2.0;1.0;1.0;2.0;1.0
50472;2;1;2;3.0;7;00:00;00:50;00:40;00:00;00:00;00:00;09:10;03:00;00:00;01:40;00:00;02:00;00:30;1.0;1.0;1.0;2.0;1.0
50474;1;2;1;1.0;8;0;20;0;0;0;0;440;?;0;140;180;70;30;2.0;2.0;1.0;1.0;2.0
50474;2;2;2;1.0;8;0;140;0;0;0;0;390;60;0;150;190;240;0;2.0;2.0;1.0;1.0;2.0
50478;1;1;1;1.0;6;0;0;0;0;0;170;570;30;0;60;0;100;0;2.0;2.0;1.0;2.0;2.0
50478;2;1;2;1.0;6;420;40;20;0;0;0;570;70;0;10;0;80;0;2.0;2.0;1.0;1.0;2.0
50479;1;2;2;2.0;7;0;0;10;0;0;100;570;90;0;50;0;130;0;2.0;1.0;1.0;1.0;2.0
50483;1;2;1;2.0;4;570;20;0;0;0;0;510;60;0;0;0;0;0;1.0;2.0;2.0;1.0;1.0
50483;2;2;2;2.0;3;0;30;0;0;0;0;720;150;0;90;0;120;0;1.0;1.0;2.0;1.0;1.0
50485;1;1;2;1.0;3;390;40;20;30;40;0;430;40;0;0;0;90;10;?;2.0;2.0;2.0;2.0
50486;1;1;1;1.0;6;0;20;0;0;0;0;720;80;0;80;0;250;20;2.0;2.0;1.0;2.0;2.0
50488;1;1;1;1.0;6;520;50;0;0;0;0;400;50;0;0;0;20;0;1.0;2.0;2.0;1.0;1.0
50495;1;2;1;1.0;4;0;0;20;0;0;30;430;50;0;20;0;60;0;2.0;2.0;1.0;1.0;2.0
50504;1;2;1;1.0;6;0;50;0;0;0;0;500;70;0;60;0;180;0;1.0;2.0;2.0;1.0;2.0
50504;2;2;2;1.0;6;0;40;50;0;0;0;510;100;0;100;0;10;?;1.0;2.0;1.0;1.0;2.0
50505;1;1;1;1.0;4;650;10;40;20;40;40;250;90;0;20;0;50;0;180.0;60.0;120.0;0.0;0.0
50505;2;1;2;1.0;4;0;50;40;30;30;0;520;160;0;0;0;110;0;120.0;0.0;0.0;0.0;0.0
50506;1;1;2;3.0;8;0;80;50;0;0;0;590;110;0;20;80;0;0;2.0;2.0;1.0;1.0;2.0
50510;1;1;1;1.0;4;650;10;0;10;40;0;570;10;0;40;0;80;0;?;?;?;?;?
50510;2;1;2;1.0;5;0;40;0;100;20;60;490;70;0;0;0;160;0;2.0;2.0;1.0;1.0;1.0
50517;1;2;1;2.0;3;0;0;0;0;0;20;560;20;0;0;0;0;0;2.0;2.0;2.0;2.0;2.0
50523;1;1;1;3.0;8;0;60;0;0;0;0;610;100;0;0;0;110;0;2.0;2.0;1.0;2.0;2.0
50523;2;1;2;3.0;8;0;100;30;0;0;0;570;80;0;0;0;160;0;2.0;2.0;1.0;2.0;2.0
50526;1;2;1;1.0;7;0;0;30;0;0;0;510;100;0;60;0;440;0;2.0;1.0;1.0;2.0;2.0
50526;2;2;2;1.0;8;0;40;0;0;0;0;480;90;0;70;0;370;0;2.0;1.0;2.0;2.0;2.0
50529;1;2;2;1.0;7;0;60;40;0;0;20;570;50;0;210;0;200;10;1.0;1.0;1.0;1.0;2.0
50529;2;2;1;1.0;7;0;20;0;0;0;20;560;60;0;440;0;10;10;1.0;1.0;1.0;1.0;2.0
50531;1;2;2;1.0;7;0;60;0;0;0;0;690;80;0;100;0;150;0;2.0;1.0;1.0;1.0;2.0
50536;1;2;1;3.0;4;0;0;0;20;20;0;600;70;0;0;0;120;0;1.0;2.0;1.0;2.0;2.0
50536;2;2;2;3.0;4;0;80;20;70;80;0;470;130;0;0;0;230;0;1.0;2.0;?;1.0;2.0
50541;1;1;1;3.0;7;0;0;0;0;0;0;560;130;0;10;0;40;0;2.0;2.0;2.0;2.0;1.0
50541;2;1;2;3.0;7;0;90;10;0;0;10;510;130;0;0;0;40;20;2.0;?;2.0;2.0;1.0
50542;1;2;1;2.0;8;0;60;10;0;0;100;540;80;0;50;0;410;0;2.0;2.0;2.0;2.0;2.0
50542;2;2;2;2.0;9;0;60;20;0;0;90;480;100;0;70;0;410;0;2.0;1.0;2.0;2.0;2.0
50543;1;2;2;3.0;5;0;10;0;0;0;0;520;290;0;0;0;0;10;1.0;2.0;1.0;1.0;2.0
50543;2;2;1;3.0;5;0;10;10;0;20;0;480;290;0;90;0;70;0;1.0;1.0;1.0;1.0;1.0
50544;1;1;1;1.0;5;0;20;10;0;0;30;560;80;0;180;0;160;20;1.0;1.0;2.0;1.0;2.0
50547;1;2;1;3.0;6;470;70;0;0;0;0;550;70;0;0;0;40;0;2.0;2.0;2.0;2.0;2.0
50547;2;2;2;3.0;6;540;100;20;0;0;0;460;50;0;30;0;50;0;2.0;?;2.0;2.0;2.0
50560;1;1;2;3.0;3;60;?;10;0;0;0;430;120;350;0;0;10;0;1.0;1.0;2.0;1.0;1.0
50568;1;1;2;1.0;6;150;50;0;0;0;0;640;70;0;50;0;80;0;2.0;1.0;2.0;1.0;1.0
50568;2;1;1;1.0;6;170;20;0;0;0;0;690;70;0;90;0;150;0;2.0;1.0;2.0;1.0;1.0
50569;1;2;1;1.0;7;0;0;0;0;0;0;620;40;0;150;0;450;0;1.0;1.0;2.0;1.0;2.0
50569;2;2;2;1.0;7;0;30;20;0;0;10;500;50;0;20;0;110;40;1.0;1.0;1.0;1.0;2.0
50572;1;2;2;1.0;4;0;30;0;0;0;200;540;50;0;20;0;10;10;1.0;1.0;1.0;1.0;2.0
50572;2;2;1;1.0;3;0;0;0;0;0;0;950;20;0;100;0;0;0;?;2.0;1.0;1.0;1.0
50581;1;2;2;1.0;7;0;10;0;0;0;0;600;130;0;80;0;0;0;2.0;1.0;2.0;1.0;2.0
50581;2;2;1;1.0;6;0;0;0;0;0;20;600;90;0;20;0;150;0;2.0;1.0;1.0;2.0;1.0
50587;1;2;2;2.0;8;0;30;0;0;0;0;520;50;0;60;0;380;10;2.0;2.0;2.0;2.0;2.0
50588;1;1;1;1.0;7;0;0;0;0;0;0;530;110;0;0;0;50;0;1.0;1.0;2.0;2.0;?
50588;2;1;2;1.0;7;0;0;0;0;230;0;510;140;0;10;0;80;0;1.0;1.0;2.0;1.0;1.0
50591;1;1;2;1.0;6;830;10;0;0;0;0;350;40;0;?;0;0;0;1.0;1.0;1.0;1.0;2.0
50591;2;1;1;1.0;6;760;0;10;0;0;0;410;50;0;30;0;0;10;2.0;1.0;1.0;1.0;2.0
50592;1;1;1;1.0;5;0;0;0;0;0;20;500;100;0;0;0;180;20;2.0;2.0;2.0;1.0;1.0
50592;2;1;2;1.0;5;0;30;0;0;0;10;520;90;0;0;0;250;0;1.0;2.0;1.0;1.0;1.0
50599;2;2;1;1.0;6;480;0;0;0;0;0;450;80;0;30;0;210;0;1.0;1.0;2.0;2.0;1.0
50601;1;1;1;1.0;4;0;10;0;0;0;0;670;10;0;0;0;500;0;1.0;2.0;2.0;1.0;1.0
50605;1;2;2;1.0;3;0;10;10;0;0;30;450;160;0;0;0;0;0;1.0;1.0;1.0;1.0;1.0
50605;2;2;1;1.0;4;0;?;0;0;0;0;510;90;0;0;?;60;0;1.0;1.0;1.0;1.0;1.0
50611;1;1;2;1.0;7;0;40;?;0;0;60;650;120;0;0;0;260;0;2.0;1.0;1.0;1.0;1.0
50615;1;1;2;1.0;7;0;0;0;0;0;0;620;60;0;0;0;150;130;1.0;1.0;1.0;1.0;1.0
50616;1;2;1;2.0;7;0;0;0;0;0;30;480;160;0;0;0;350;0;2.0;2.0;2.0;1.0;2.0
50616;2;2;2;2.0;7;0;110;20;0;0;30;540;130;0;70;0;10;60;2.0;2.0;2.0;1.0;2.0
50622;1;2;1;2.0;9;0;40;?;0;0;70;470;130;0;60;160;200;0;2.0;2.0;2.0;2.0;1.0
50624;1;1;2;1.0;7;0;80;40;0;0;20;490;80;0;230;0;0;10;1.0;1.0;1.0;1.0;1.0
50624;2;1;1;1.0;7;470;0;0;0;0;30;500;80;0;10;0;160;0;?;?;?;?;?
50625;1;2;1;2.0;5;0;0;0;0;0;20;450;90;0;40;0;240;0;1.0;1.0;2.0;1.0;1.0
50625;2;2;2;2.0;5;0;0;10;0;0;20;530;80;0;190;0;20;0;?;1.0;1.0;1.0;1.0
50626;1;2;2;3.0;4;0;60;0;150;80;110;550;90;0;0;0;120;0;1.0;2.0;2.0;1.0;2.0
50626;2;2;1;3.0;4;0;0;0;0;0;0;630;160;0;0;0;120;0;?;?;?;?;?
50629;1;1;2;3.0;4;0;0;30;0;0;0;560;100;0;0;0;0;0;1.0;2.0;1.0;1.0;1.0
50629;2;1;1;3.0;4;0;0;0;0;0;0;660;150;0;0;0;10;0;1.0;2.0;2.0;1.0;1.0
50631;1;1;1;3.0;8;00:00;00:00;00:00;00:00;00:00;00:00;07:30;01:00;00:00;02:10;00:00;03:30;00:00;2.0;2.0;2.0;2.0;2.0
50631;2;1;2;3.0;8;00:00;01:10;00:40;00:00;00:00;00:00;07:40;01:20;00:00;00:20;00:00;03:10;00:00;2.0;2.0;1.0;2.0;2.0
50633;1;2;1;1.0;7;0;30;0;0;0;230;430;80;0;60;0;170;0;2.0;1.0;2.0;1.0;1.0
50635;1;1;1;1.0;7;440;10;0;0;0;60;530;30;0;0;0;240;0;2.0;2.0;2.0;1.0;2.0
50637;1;2;2;2.0;9;0;80;0;0;0;90;690;120;0;10;0;100;0;2.0;1.0;1.0;2.0;2.0
50639;2;1;1;1.0;6;0;60;0;0;0;0;480;50;0;0;0;320;0;1.0;1.0;1.0;1.0;1.0
50647;2;1;1;3.0;6;0;50;10;0;0;90;600;110;0;0;0;150;0;1.0;2.0;1.0;1.0;1.0
50653;1;1;2;1.0;7;0;40;30;0;0;0;540;90;0;60;10;200;30;2.0;2.0;2.0;1.0;2.0
50655;1;2;2;3.0;7;0;40;20;0;0;0;300;220;0;40;0;420;0;2.0;2.0;2.0;1.0;1.0
50655;2;2;1;3.0;7;0;70;0;0;0;0;420;20;0;50;0;460;0;2.0;1.0;2.0;1.0;1.0
50657;1;2;2;1.0;5;0;30;0;0;0;0;730;60;0;0;0;140;0;2.0;2.0;2.0;2.0;2.0
50657;2;2;1;1.0;7;0;0;0;0;0;0;540;40;0;20;?;270;0;?;2.0;2.0;2.0;2.0
50662;1;2;2;1.0;6;0;10;0;0;0;0;600;90;0;20;0;50;50;1.0;1.0;1.0;2.0;1.0
50664;1;2;1;1.0;6;0;40;0;0;0;0;670;80;0;0;0;360;0;2.0;2.0;2.0;2.0;1.0
50665;1;2;1;3.0;8;0;0;0;0;0;40;470;190;0;90;0;200;0;2.0;2.0;2.0;1.0;2.0
50665;2;2;2;3.0;8;0;130;40;0;0;10;500;180;0;10;0;190;0;2.0;2.0;2.0;1.0;2.0
50666;1;2;2;1.0;9;0;0;0;0;0;0;650;90;0;50;0;200;0;240.0;180.0;60.0;0.0;120.0
50666;2;2;1;1.0;9;0;0;0;0;0;0;620;90;0;120;0;170;0;60.0;180.0;120.0;0.0;240.0
50673;1;1;1;1.0;7;630;50;0;0;0;0;450;60;0;60;0;100;0;2.0;2.0;2.0;2.0;1.0
50673;2;1;2;1.0;7;510;0;0;0;0;10;380;40;0;80;0;260;0;2.0;2.0;1.0;1.0;2.0
50680;1;2;1;2.0;7;0;10;0;0;0;0;720;20;0;50;0;330;0;2.0;2.0;1.0;2.0;2.0
50680;2;2;2;2.0;7;0;0;0;0;0;0;520;200;0;40;0;0;0;2.0;2.0;1.0;1.0;2.0
50682;1;1;1;1.0;9;0;60;0;0;0;60;540;270;0;0;0;120;0;2.0;2.0;2.0;2.0;2.0
50682;2;1;2;1.0;9;0;60;30;0;0;70;?;230;0;60;0;240;0;1.0;1.0;1.0;2.0;2.0
50685;1;1;1;1.0;6;0;0;0;0;0;0;570;250;0;0;0;190;0;2.0;2.0;2.0;1.0;2.0
50685;2;1;2;1.0;6;0;60;0;0;0;40;630;130;0;70;0;120;0;2.0;2.0;2.0;1.0;?
50689;2;1;1;2.0;6;0;10;0;0;0;0;840;40;0;120;0;270;0;2.0;1.0;2.0;2.0;1.0
50690;1;2;2;1.0;9;0;20;10;0;0;90;680;40;0;10;0;300;0;2.0;2.0;2.0;2.0;2.0
50691;1;2;1;2.0;4;0;20;0;0;0;0;630;40;0;0;0;450;0;1.0;1.0;1.0;1.0;1.0
50691;2;2;2;2.0;3;460;70;0;0;0;0;630;20;0;40;0;80;0;1.0;1.0;1.0;1.0;1.0
50696;1;1;1;2.0;4;30;20;0;10;0;0;520;70;0;10;0;0;0;2.0;2.0;2.0;2.0;2.0
50696;2;1;2;2.0;4;0;0;0;150;0;30;500;70;0;20;0;0;0;2.0;2.0;2.0;1.0;2.0
50704;1;2;2;1.0;8;0;20;0;0;0;0;620;90;0;0;0;130;0;2.0;2.0;1.0;2.0;2.0
50709;1;2;2;1.0;5;00:00;00:10;00:30;00:10;01:40;00:00;09:10;02:20;00:00;00:00;00:00;01:40;00:00;1.0;2.0;2.0;1.0;1.0
50709;2;2;1;1.0;5;00:00;00:10;00:00;00:00;00:00;00:00;10:00;01:00;00:00;00:30;00:00;02:30;00:00;1.0;2.0;2.0;1.0;1.0
50713;1;1;1;1.0;5;380;30;0;0;0;20;470;60;0;70;0;190;0;1.0;2.0;2.0;1.0;1.0
50713;2;1;2;1.0;4;460;50;10;0;0;10;440;40;0;0;0;90;10;1.0;2.0;2.0;2.0;1.0
50714;1;2;2;2.0;4;0;60;0;0;0;20;640;20;0;0;0;90;20;1.0;2.0;2.0;1.0;2.0
50715;1;1;2;1.0;6;490;40;0;0;0;0;530;60;0;60;0;10;10;1.0;1.0;1.0;1.0;2.0
50721;2;1;2;1.0;6;290;20;10;0;0;50;400;70;0;10;0;20;20;1.0;1.0;2.0;1.0;2.0
50729;1;2;2;2.0;7;0;30;20;0;0;0;550;60;0;50;0;240;30;2.0;2.0;2.0;2.0;2.0
50729;2;2;1;2.0;7;0;50;20;0;0;0;560;80;0;70;0;280;0;1.0;2.0;2.0;2.0;2.0
50732;1;2;1;1.0;4;490;0;0;0;0;70;460;100;0;20;0;60;0;1.0;1.0;1.0;1.0;1.0
50732;2;2;1;1.0;4;0;0;20;0;0;0;550;120;0;110;0;60;0;1.0;1.0;1.0;1.0;2.0
50734;1;2;1;1.0;8;0;60;40;0;0;60;420;110;0;100;0;120;0;1.0;2.0;2.0;2.0;2.0
50734;2;2;2;1.0;7;0;60;60;0;0;60;460;130;0;170;0;60;?;1.0;2.0;2.0;2.0;2.0
50750;1;2;1;1.0;8;0;80;10;0;0;80;500;110;?;110;0;320;0;2.0;2.0;1.0;2.0;2.0
50750;2;2;2;1.0;7;0;100;40;0;0;0;530;110;0;120;10;280;30;2.0;2.0;1.0;2.0;2.0
50753;1;1;2;1.0;9;0;120;0;0;0;10;490;110;0;160;0;0;0;1.0;1.0;1.0;1.0;1.0
50753;2;1;1;1.0;8;0;10;0;0;0;10;450;120;0;130;0;90;0;2.0;1.0;1.0;1.0;1.0
50755;1;2;1;2.0;4;0;0;10;70;10;0;480;100;0;0;0;140;0;1.0;1.0;2.0;2.0;1.0
50755;2;2;2;2.0;4;0;0;0;150;0;?;490;90;0;100;0;110;0;1.0;1.0;2.0;1.0;1.0
50759;1;1;2;3.0;6;370;10;0;40;10;30;530;80;0;60;0;10;0;1.0;1.0;1.0;1.0;2.0
50759;2;1;1;3.0;5;440;10;0;10;20;0;480;80;0;0;0;90;0;1.0;2.0;1.0;1.0;1.0
50762;1;1;1;3.0;9;00:00;01:20;00:00;00:00;00:00;00:00;08:30;02:50;00:00;00:40;00:00;01:20;00:00;2.0;2.0;2.0;1.0;2.0
50764;1;2;2;1.0;4;0;0;0;?;0;70;420;110;0;110;0;90;0;1.0;1.0;2.0;1.0;2.0
50764;2;2;1;1.0;4;0;20;0;0;0;230;490;50;0;0;0;190;10;1.0;1.0;2.0;1.0;2.0
50766;1;1;1;1.0;9;0;0;50;0;0;30;540;140;0;20;0;210;0;120.0;180.0;120.0;60.0;0.0
50766;2;1;2;1.0;9;0;10;30;0;0;0;500;100;0;0;0;260;0;0.0;120.0;180.0;0.0;60.0
50769;1;1;1;2.0;4;0;110;20;90;10;10;590;100;0;10;0;0;30;2.0;2.0;2.0;1.0;2.0
50769;2;1;2;2.0;4;0;110;60;230;20;0;520;80;0;40;40;0;0;2.0;2.0;2.0;2.0;2.0
50770;1;1;2;1.0;6;220;30;50;0;0;50;490;80;0;40;0;100;0;1.0;2.0;1.0;1.0;2.0
50780;1;1;1;2.0;6;0;30;0;0;0;0;590;50;0;20;0;210;0;2.0;2.0;2.0;2.0;2.0
50780;2;1;2;2.0;6;0;70;20;0;0;0;660;120;0;20;0;170;0;2.0;2.0;2.0;1.0;1.0
50782;1;1;2;1.0;6;0;20;10;0;0;0;560;80;0;120;30;170;0;1.0;1.0;1.0;1.0;1.0
50782;2;1;1;1.0;7;0;50;0;0;0;0;600;90;0;0;0;40;0;1.0;1.0;1.0;1.0;2.0
50790;1;2;2;1.0;4;?;10;10;30;0;50;500;90;0;0;0;10;0;1.0;1.0;1.0;1.0;1.0
50790;2;2;1;1.0;5;260;50;0;30;0;0;430;30;0;20;0;240;0;1.0;1.0;1.0;1.0;1.0
50794;1;1;1;3.0;7;0;20;10;0;0;30;510;110;0;40;0;140;20;2.0;1.0;2.0;2.0;2.0
50794;2;1;2;3.0;8;0;0;20;0;0;30;510;110;0;40;0;180;10;2.0;1.0;2.0;1.0;1.0
50795;1;1;1;1.0;4;500;0;0;0;0;0;410;10;0;0;0;0;0;1.0;1.0;1.0;1.0;2.0
50795;2;1;2;1.0;4;300;0;0;0;0;0;510;40;0;0;0;0;0;1.0;1.0;2.0;2.0;1.0
50803;1;2;1;1.0;7;0;0;0;0;0;0;590;120;0;140;20;190;0;2.0;1.0;2.0;1.0;1.0
50809;1;2;1;1.0;7;500;70;10;10;0;0;350;150;0;30;0;220;0;1.0;2.0;1.0;2.0;1.0
50809;2;2;2;1.0;6;290;10;0;20;0;40;430;20;0;100;0;60;10;1.0;1.0;1.0;1.0;1.0
50813;1;1;1;1.0;8;0;30;0;0;0;0;600;110;0;0;0;130;0;2.0;1.0;2.0;1.0;2.0
50813;2;1;2;1.0;7;0;150;40;0;0;0;660;30;0;60;0;110;0;2.0;1.0;2.0;2.0;2.0
50814;1;2;2;1.0;8;0;30;20;0;0;0;430;120;0;90;0;0;0;1.0;1.0;2.0;1.0;2.0
50818;1;1;2;1.0;8;0;70;50;0;0;0;560;90;0;170;0;70;0;2.0;1.0;2.0;1.0;2.0
50819;1;2;1;1.0;7;0;50;0;0;0;0;600;100;0;100;0;110;0;2.0;2.0;2.0;1.0;2.0
50843;1;2;1;1.0;9;0;40;0;0;0;60;480;110;0;170;30;160;0;1.0;2.0;2.0;1.0;1.0
50843;2;2;2;1.0;9;0;70;30;0;0;0;520;70;0;60;0;200;10;1.0;?;2.0;1.0;2.0
50849;2;2;1;2.0;5;470;40;0;0;0;30;420;50;0;0;0;0;0;2.0;2.0;2.0;1.0;1.0
50856;2;2;2;1.0;7;460;60;60;0;0;30;540;140;0;0;0;0;0;2.0;2.0;2.0;2.0;2.0
50860;1;2;1;1.0;7;0;60;20;0;0;20;530;70;0;50;0;180;0;1.0;2.0;1.0;1.0;1.0
50860;2;2;2;1.0;6;0;10;0;0;0;0;520;40;0;50;0;190;20;2.0;1.0;2.0;1.0;2.0
50872;1;1;2;1.0;7;0;20;0;0;40;10;480;120;0;0;0;0;20;2.0;2.0;1.0;1.0;2.0
50877;1;1;1;3.0;4;00:00;01:50;00:00;00:00;00:00;00:00;08:10;02:30;00:00;00:50;00:00;05:00;00:00;2.0;2.0;2.0;1.0;1.0
50877;2;1;2;3.0;4;10:10;00:20;00:10;00:10;00:00;00:00;08:30;00:50;00:00;00:10;00:00;00:00;00:00;1.0;1.0;2.0;1.0;1.0
50881;1;2;2;1.0;6;0;40;0;0;0;0;490;0;0;90;0;120;0;2.0;2.0;1.0;2.0;2.0
50883;1;1;2;1.0;9;0;60;50;0;0;40;640;10;0;10;10;160;0;2.0;2.0;1.0;1.0;2.0
50886;1;2;1;1.0;8;00:00;00:40;00:00;00:00;00:00;00:00;07:20;01:10;00:00;01:20;00:00;03:00;00:00;2.0;2.0;1.0;1.0;2.0
50887;1;1;1;1.0;4;0;80;20;140;30;0;640;80;0;0;0;20;0;2.0;2.0;2.0;1.0;1.0
50887;2;1;2;1.0;4;0;30;20;300;80;0;550;100;0;0;0;50;0;2.0;1.0;2.0;1.0;1.0
50888;1;2;2;2.0;8;00:00;00:50;?;00:00;00:00;00:20;09:30;02:10;00:00;00:40;00:00;04:10;01:00;1.0;1.0;1.0;1.0;1.0
50895;1;1;1;1.0;6;0;30;30;0;0;150;550;140;0;0;0;200;0;2.0;1.0;1.0;1.0;1.0
50897;1;2;1;1.0;6;00:00;00:10;00:00;00:00;00:00;00:00;06:00;01:20;00:00;00:00;00:00;12:20;00:10;?;?;?;?;?
50897;2;2;2;1.0;5;00:00;00:20;00:30;00:00;00:00;00:00;08:30;00:30;00:00;00:00;00:00;08:00;00:00;1.0;1.0;1.0;1.0;2.0
50901;1;1;1;1.0;8;0;0;0;0;0;60;?;80;0;130;0;240;0;2.0;2.0;2.0;2.0;2.0
50901;2;1;2;1.0;8;0;40;30;0;0;60;620;60;0;90;30;250;0;2.0;2.0;2.0;2.0;2.0
50914;1;1;2;1.0;5;0;0;10;0;0;?;520;100;?;20;0;40;0;?;1.0;1.0;1.0;1.0
50914;2;1;1;1.0;6;0;0;0;0;0;10;630;90;0;40;0;80;0;1.0;1.0;1.0;2.0;1.0
50918;1;1;1;3.0;9;0;10;20;0;0;0;720;200;0;70;10;120;0;2.0;2.0;2.0;2.0;2.0
50918;2;1;2;3.0;8;0;10;0;0;0;0;660;180;0;150;20;130;100;2.0;2.0;2.0;2.0;2.0
50922;1;1;1;1.0;5;170;130;40;100;0;40;490;70;0;110;0;40;10;1.0;1.0;?;1.0;1.0
50922;2;1;2;1.0;5;0;120;30;260;100;10;470;90;0;60;0;30;10;1.0;1.0;1.0;1.0;1.0
50923;1;1;2;2.0;7;0;140;10;0;0;20;570;90;0;110;0;160;10;2.0;1.0;2.0;1.0;2.0
50923;2;1;1;2.0;8;0;20;20;0;0;30;540;50;0;10;40;430;0;2.0;1.0;2.0;1.0;2.0
50944;1;2;1;1.0;4;0;0;0;0;0;20;760;120;0;20;0;130;10;1.0;1.0;1.0;1.0;2.0
50955;2;1;1;3.0;5;00:00;00:00;00:00;00:00;00:00;00:00;07:30;02:20;00:00;00:30;00:00;05:50;00:00;?;?;?;?;?
50958;1;2;1;1.0;8;0;0;0;0;0;50;570;80;0;0;0;410;0;2.0;1.0;1.0;2.0;1.0
50958;2;2;2;1.0;8;0;120;0;0;0;0;580;90;0;40;0;220;0;2.0;1.0;2.0;1.0;2.0
50959;1;1;2;1.0;7;0;110;40;0;0;0;660;90;0;80;0;180;0;1.0;1.0;1.0;?;2.0
50959;2;1;1;1.0;7;0;20;0;0;0;0;650;100;0;80;0;180;10;1.0;1.0;2.0;2.0;2.0
50986;1;1;1;2.0;7;0;100;30;0;0;60;?;110;0;70;0;120;0;1.0;2.0;1.0;1.0;1.0
50989;1;1;2;2.0;5;130;40;0;0;0;0;600;50;0;0;0;320;0;1.0;2.0;2.0;1.0;1.0
50989;2;1;1;2.0;6;130;30;0;10;80;10;610;30;0;40;0;230;?;2.0;2.0;2.0;1.0;1.0
50992;1;1;1;3.0;9;00:00;00:10;00:00;00:00;00:00;01:10;08:20;00:10;00:00;00:00;00:00;05:30;00:00;2.0;1.0;2.0;1.0;1.0
50997;1;1;1;1.0;6;0;110;0;0;0;0;770;80;0;60;0;180;0;2.0;2.0;2.0;1.0;1.0
50997;2;1;2;1.0;6;0;30;30;0;0;10;630;40;0;40;0;20;20;1.0;1.0;2.0;1.0;2.0
50998;2;1;2;1.0;6;360;30;10;0;0;70;450;40;0;50;0;0;0;1.0;1.0;1.0;1.0;2.0
50999;1;2;2;3.0;8;0;40;40;0;0;20;560;70;0;100;0;200;0;2.0;2.0;2.0;2.0;2.0
50999;2;2;1;3.0;8;0;0;0;0;0;30;570;80;0;160;0;230;0;2.0;2.0;2.0;2.0;2.0
51002;1;2;1;1.0;8;00:00;00:30;00:00;00:00;00:00;00:00;07:10;01:20;00:00;01:10;00:00;04:20;00:00;2.0;1.0;1.0;2.0;2.0
51009;1;1;1;1.0;6;100;30;0;0;0;0;640;120;0;0;0;160;30;2.0;2.0;1.0;2.0;2.0
51009;2;1;2;1.0;6;0;110;0;0;0;0;560;110;0;0;0;240;0;2.0;2.0;1.0;2.0;2.0
51014;1;2;2;1.0;7;0;100;0;0;0;90;510;60;0;300;0;60;70;1.0;1.0;1.0;1.0;2.0
51014;2;2;1;1.0;7;0;60;0;0;0;90;550;60;0;230;0;160;10;1.0;1.0;2.0;1.0;2.0
51018;1;2;2;1.0;4;300;10;0;0;0;80;200;350;0;0;0;70;0;1.0;2.0;2.0;1.0;2.0
51018;2;2;1;1.0;4;0;0;0;0;0;0;470;310;0;0;0;100;0;1.0;1.0;1.0;1.0;1.0
51021;1;1;2;1.0;6;0;90;20;0;0;10;480;60;0;10;0;170;0;1.0;1.0;2.0;1.0;1.0
51021;2;1;1;1.0;3;0;0;0;0;0;0;520;60;0;0;0;310;10;1.0;2.0;2.0;1.0;1.0
51026;1;2;2;1.0;5;0;80;20;250;70;20;490;80;0;40;0;70;0;1.0;2.0;2.0;2.0;?
51026;2;2;1;1.0;5;0;10;0;160;160;0;370;150;0;20;0;30;0;1.0;2.0;1.0;1.0;1.0
51038;1;2;2;1.0;5;70;90;0;0;0;0;520;50;0;310;0;170;0;1.0;2.0;2.0;1.0;1.0
51043;1;2;1;2.0;7;0;0;0;0;0;0;540;50;0;0;0;410;0;1.0;2.0;2.0;1.0;1.0
51043;2;2;2;2.0;7;0;50;30;0;0;40;530;80;0;40;0;400;0;1.0;2.0;2.0;1.0;1.0
51047;1;1;2;1.0;6;0;?;0;0;0;0;540;60;0;0;0;0;20;2.0;2.0;1.0;1.0;1.0
51048;1;1;2;2.0;6;0;40;10;0;0;0;490;90;0;30;0;0;30;1.0;1.0;2.0;1.0;1.0
51048;2;1;2;2.0;3;0;20;0;0;0;0;580;70;0;10;0;60;10;1.0;1.0;2.0;1.0;1.0
51049;1;1;1;1.0;8;00:00;00:10;00:00;00:00;00:00;00:30;10:00;02:10;00:00;00:30;00:00;01:30;00:00;1.0;1.0;1.0;1.0;1.0
51049;2;1;2;1.0;8;00:00;01:30;00:00;00:00;00:00;00:10;06:30;02:30;00:00;01:40;00:00;02:00;00:50;1.0;2.0;1.0;2.0;2.0
51054;1;1;1;2.0;8;0;30;0;0;0;20;370;130;0;0;0;710;20;2.0;2.0;1.0;1.0;2.0
51056;1;2;1;2.0;4;0;100;0;30;10;0;670;90;0;20;0;190;0;1.0;1.0;1.0;1.0;2.0
51056;2;2;2;2.0;5;0;0;10;70;30;0;590;40;0;60;0;270;20;1.0;1.0;1.0;1.0;2.0
51057;2;2;1;1.0;7;0;70;0;0;0;0;460;70;0;0;150;0;0;2.0;2.0;2.0;2.0;2.0
51065;1;1;2;1.0;7;0;10;10;0;0;40;540;60;0;50;20;130;0;2.0;2.0;2.0;1.0;1.0
51065;2;1;1;1.0;8;0;20;?;0;0;?;570;110;0;0;0;80;0;?;?;?;?;?
51072;1;1;1;1.0;7;0;30;0;0;0;0;600;190;0;0;0;0;0;1.0;2.0;2.0;1.0;2.0
51072;2;1;2;1.0;7;0;0;0;0;0;0;600;180;0;0;0;0;0;1.0;?;2.0;1.0;2.0
51073;1;1;2;1.0;7;510;0;0;0;0;0;450;30;0;0;0;390;0;2.0;1.0;1.0;1.0;2.0
51073;2;1;1;1.0;7;0;40;0;0;0;0;540;70;0;0;0;510;0;2.0;2.0;1.0;2.0;1.0
51075;1;1;2;3.0;8;0;30;20;0;0;20;550;50;0;50;0;330;30;2.0;1.0;2.0;1.0;2.0
51075;2;1;1;3.0;9;0;20;10;0;0;20;710;50;0;240;0;100;0;?;?;?;?;?
51076;1;2;2;1.0;3;0;30;20;0;0;0;580;50;0;0;0;230;0;1.0;1.0;1.0;1.0;2.0
51077;1;1;2;3.0;7;0;120;60;0;0;0;470;120;0;130;0;140;0;2.0;1.0;1.0;1.0;2.0
51078;1;2;1;1.0;9;0;0;0;0;0;0;650;120;0;180;30;0;0;2.0;1.0;2.0;1.0;2.0
51086;1;2;2;1.0;9;0;?;20;0;0;0;510;140;0;40;0;210;0;2.0;2.0;2.0;2.0;2.0
51086;2;2;1;1.0;9;0;50;30;0;0;70;520;120;0;70;0;270;0;2.0;2.0;2.0;2.0;1.0
51090;1;2;2;1.0;6;0;70;40;0;0;0;530;110;0;0;0;100;20;1.0;1.0;2.0;2.0;2.0
51093;1;2;2;2.0;5;0;60;10;0;0;20;540;100;0;0;0;0;0;2.0;2.0;1.0;1.0;2.0
51100;1;1;2;1.0;5;00:00;01:00;00:10;00:20;00:00;00:30;10:20;02:00;00:00;00:20;00:00;00:00;00:00;1.0;2.0;1.0;1.0;2.0
51100;2;1;1;1.0;5;06:10;00:10;00:00;00:20;00:00;00:00;07:40;00:40;00:00;00:30;00:00;00:50;00:00;?;2.0;1.0;1.0;2.0
51101;1;2;1;2.0;7;110;0;?;0;0;20;540;40;0;?;0;220;0;2.0;2.0;?;2.0;2.0
51101;2;2;2;2.0;6;0;90;20;20;0;0;580;30;0;210;0;150;0;2.0;2.0;2.0;1.0;2.0
51104;1;1;2;1.0;3;0;0;0;0;0;70;590;90;0;0;0;0;0;1.0;1.0;2.0;1.0;2.0
51108;1;1;2;1.0;5;590;0;0;0;0;20;350;50;0;0;0;0;0;2.0;2.0;1.0;2.0;2.0
51117;1;2;1;1.0;4;600;0;0;0;0;20;550;90;0;0;0;110;0;2.0;2.0;2.0;2.0;1.0
51117;2;2;2;1.0;4;0;0;0;270;60;100;350;160;0;0;0;10;0;2.0;2.0;2.0;2.0;2.0
51123;1;2;2;1.0;9;0;10;0;0;0;60;640;60;0;0;0;640;0;2.0;2.0;2.0;2.0;2.0
51126;1;1;1;2.0;4;440;50;0;0;0;0;480;70;0;0;?;80;0;1.0;1.0;2.0;1.0;1.0
51126;2;1;2;2.0;4;410;30;20;10;20;0;540;40;0;10;0;60;0;1.0;1.0;1.0;1.0;2.0
51129;1;2;2;3.0;5;0;70;40;160;?;110;550;40;0;20;0;60;0;1.0;2.0;2.0;2.0;1.0
51130;1;1;2;2.0;9;00:00;00:20;00:20;00:00;00:00;00:00;08:40;00:40;00:00;02:50;00:00;08:00;00:00;2.0;2.0;2.0;2.0;2.0
51133;1;1;2;1.0;7;0;80;20;0;0;0;460;60;0;20;120;110;0;2.0;1.0;1.0;2.0;2.0
51136;1;1;1;1.0;5;0;30;10;0;0;0;650;150;0;40;0;180;0;2.0;1.0;2.0;1.0;2.0
51136;2;1;2;1.0;5;0;10;0;0;0;0;650;180;0;80;0;40;30;?;?;?;?;?
51141;1;1;2;1.0;3;07:40;00:50;00:20;00:00;00:00;00:00;08:30;01:20;00:00;00:00;00:00;01:00;00:00;1.0;1.0;2.0;1.0;2.0
51141;2;1;1;1.0;3;00:00;01:20;00:10;00:00;00:00;00:00;10:30;01:20;00:00;00:00;00:00;04:10;00:00;1.0;2.0;2.0;1.0;1.0
51145;1;1;2;2.0;7;0;10;0;0;0;0;580;90;0;50;10;120;10;2.0;1.0;2.0;?;2.0
51147;1;2;2;1.0;3;06:10;00:00;00:00;00:00;00:00;00:00;11:10;00:40;00:00;00:00;00:00;00:50;01:20;1.0;2.0;1.0;1.0;2.0
51159;1;2;1;1.0;7;0;0;10;0;0;?;560;120;0;80;0;230;0;1.0;1.0;1.0;1.0;1.0
51160;1;2;1;2.0;8;0;30;30;0;0;20;580;110;0;0;0;0;0;2.0;2.0;2.0;1.0;2.0
51161;1;1;2;1.0;6;0;40;20;0;0;50;640;110;0;0;0;150;0;1.0;2.0;1.0;2.0;2.0
51161;2;1;1;1.0;7;0;40;0;0;0;20;620;140;0;0;0;250;0;1.0;2.0;1.0;1.0;2.0
51174;1;2;1;1.0;4;00:00;00:00;00:00;00:00;00:00;00:00;08:30;02:30;01:40;00:00;00:00;02:30;00:00;1.0;1.0;1.0;1.0;1.0
51182;1;1;1;1.0;7;0;0;0;0;0;0;450;130;0;0;0;0;0;1.0;1.0;1.0;2.0;1.0
51182;2;1;2;1.0;7;0;20;20;0;0;70;540;140;0;30;0;110;0;1.0;1.0;1.0;1.0;2.0
51183;1;1;2;2.0;5;0;90;50;30;0;30;440;70;0;130;0;60;0;1.0;1.0;1.0;1.0;1.0
51200;1;2;2;1.0;3;0;10;60;80;40;40;360;130;0;0;0;0;20;2.0;1.0;1.0;1.0;2.0
51200;2;2;1;1.0;4;400;0;0;30;30;10;300;180;0;0;0;0;10;2.0;2.0;2.0;1.0;2.0
51211;1;2;1;1.0;4;0;0;0;0;0;0;560;90;0;0;0;170;20;1.0;2.0;1.0;1.0;1.0
51212;1;1;1;1.0;9;0;140;30;0;0;50;540;100;0;30;0;380;0;2.0;1.0;1.0;2.0;1.0
51212;2;1;2;1.0;9;0;20;80;0;0;0;590;100;0;20;0;?;0;1.0;1.0;1.0;2.0;1.0
51213;2;1;2;1.0;6;0;70;20;0;0;0;530;50;0;0;60;320;0;2.0;2.0;1.0;2.0;2.0
51219;1;2;1;1.0;8;0;0;0;0;0;40;580;150;0;60;0;150;0;1.0;2.0;2.0;1.0;2.0
51219;2;2;2;1.0;7;40;50;0;0;0;40;450;130;0;20;0;110;0;1.0;1.0;1.0;1.0;1.0
51231;1;2;2;1.0;5;0;60;?;0;0;90;530;60;0;30;0;260;0;1.0;1.0;2.0;2.0;1.0
51235;1;1;2;1.0;8;0;110;60;0;0;0;550;90;0;?;0;420;0;2.0;1.0;1.0;1.0;2.0
51242;1;1;1;1.0;3;?;00:10;00:10;00:00;00:00;00:20;10:20;01:20;00:00;00:30;00:00;01:40;00:00;1.0;1.0;1.0;1.0;1.0
51242;2;1;2;1.0;4;01:30;00:10;00:00;00:00;00:00;00:30;10:10;01:20;00:00;00:10;00:00;01:50;00:00;1.0;1.0;1.0;1.0;1.0
51244;1;2;2;1.0;7;00:00;01:20;00:20;00:00;00:00;01:00;10:00;01:20;00:00;00:40;00:00;02:30;00:00;2.0;1.0;1.0;1.0;1.0
51248;1;2;2;1.0;4;500;20;0;0;0;10;250;60;0;30;0;270;0;1.0;2.0;2.0;1.0;1.0
51249;1;2;2;1.0;9;0;40;20;0;0;0;640;40;0;120;0;220;0;2.0;2.0;2.0;2.0;2.0
51251;1;1;2;1.0;7;0;20;70;0;0;0;420;190;0;90;0;0;0;1.0;2.0;1.0;1.0;2.0
51251;2;1;1;1.0;8;0;0;0;0;0;0;450;310;0;110;0;0;10;1.0;1.0;2.0;1.0;1.0
51256;1;1;1;3.0;4;0;20;10;0;0;30;330;150;0;0;0;0;20;1.0;2.0;2.0;1.0;2.0
51258;1;1;2;3.0;8;0;20;0;0;0;0;370;140;0;40;70;150;0;2.0;1.0;2.0;2.0;2.0
51260;1;1;2;3.0;6;06:50;00:20;00:30;00:00;00:00;00:00;07:30;00:50;00:00;02:10;00:00;00:30;00:20;1.0;1.0;1.0;1.0;2.0
51261;1;1;2;3.0;4;0;40;10;50;10;10;490;110;0;0;0;70;0;1.0;2.0;2.0;2.0;2.0
51261;2;1;1;3.0;4;680;0;0;0;0;0;450;260;0;0;0;40;0;?;?;?;?;?
51263;1;2;1;1.0;6;0;10;0;0;0;20;610;140;0;0;0;180;0;2.0;2.0;2.0;2.0;1.0
51263;2;2;2;1.0;5;450;50;20;0;0;0;540;70;0;30;0;120;0;?;?;?;?;?
51266;2;1;1;3.0;6;0;0;0;0;0;0;600;10;0;0;0;?;0;2.0;2.0;2.0;2.0;1.0
51269;1;1;2;1.0;6;0;50;80;0;0;0;470;200;0;20;0;70;0;2.0;1.0;2.0;2.0;2.0
51269;2;1;1;1.0;6;0;0;0;0;0;0;440;120;0;0;0;140;0;2.0;1.0;1.0;2.0;1.0
51273;1;1;1;1.0;6;0;0;0;0;0;0;620;160;0;130;0;70;0;1.0;1.0;1.0;1.0;2.0
51273;2;1;2;1.0;9;0;70;0;0;0;0;400;70;0;50;110;180;50;2.0;2.0;1.0;1.0;2.0
51274;1;2;1;1.0;9;0;20;20;0;0;50;550;110;0;160;70;160;0;1.0;1.0;1.0;1.0;1.0
51274;2;2;2;1.0;9;0;30;0;0;0;0;540;90;0;110;70;160;0;1.0;1.0;1.0;1.0;1.0
51275;1;1;1;1.0;9;0;0;0;0;0;60;590;150;?;60;30;180;0;2.0;1.0;2.0;2.0;2.0
51277;1;1;1;1.0;6;0;0;0;0;0;0;450;10;0;40;520;220;0;2.0;2.0;2.0;2.0;2.0
51279;1;1;2;1.0;9;00:00;00:00;01:00;00:00;00:00;02:00;09:50;01:10;00:00;01:00;00:00;05:30;00:10;2.0;2.0;2.0;1.0;2.0
51281;1;2;2;2.0;8;0;0;10;0;0;0;570;40;0;0;90;0;0;60.0;0.0;240.0;0.0;120.0
51281;2;2;1;2.0;9;0;0;0;0;0;0;560;110;0;0;0;280;0;60.0;240.0;60.0;60.0;60.0
51284;1;2;2;1.0;8;0;30;30;0;0;0;540;120;0;90;60;60;0;2.0;2.0;2.0;2.0;2.0
51284;2;2;1;1.0;8;0;30;0;0;0;0;480;180;0;90;60;60;0;2.0;2.0;2.0;2.0;2.0
51288;2;1;1;1.0;6;0;30;10;0;0;40;300;330;0;110;40;0;0;1.0;1.0;1.0;1.0;1.0
51290;1;2;1;1.0;7;0;0;0;0;0;120;120;60;0;0;0;0;0;2.0;1.0;1.0;1.0;1.0
51290;2;2;2;1.0;7;0;0;0;0;0;210;120;130;0;0;0;0;0;1.0;1.0;1.0;1.0;2.0
51294;1;2;1;3.0;6;360;0;0;?;0;120;470;90;0;20;0;210;20;2.0;1.0;1.0;1.0;2.0
51294;2;2;2;3.0;6;300;10;10;0;0;130;430;40;0;10;20;170;30;2.0;1.0;2.0;2.0;2.0
51302;1;2;1;1.0;8;0;40;0;0;0;30;390;120;0;90;0;210;0;1.0;1.0;1.0;1.0;1.0
51304;1;2;1;1.0;4;890;0;0;0;0;0;360;110;0;0;0;30;0;2.0;2.0;2.0;2.0;1.0
51304;2;2;2;1.0;4;0;30;20;170;10;90;520;90;0;100;0;0;0;2.0;2.0;2.0;1.0;2.0
51309;1;1;1;1.0;3;0;40;0;0;0;10;640;90;0;30;0;100;0;2.0;2.0;1.0;2.0;1.0
51313;1;1;1;2.0;5;470;10;0;0;0;0;360;80;0;30;0;150;0;1.0;2.0;2.0;1.0;1.0
51313;2;1;2;2.0;5;380;50;10;0;?;10;350;100;0;0;0;140;0;1.0;2.0;1.0;1.0;1.0
51314;1;2;2;1.0;7;0;70;30;0;0;20;540;200;0;0;0;310;0;2.0;2.0;2.0;2.0;2.0
51314;2;2;1;1.0;7;0;60;0;0;0;30;680;60;0;130;0;300;0;2.0;2.0;2.0;2.0;2.0
51321;1;1;2;1.0;8;0;50;30;0;0;50;540;130;0;70;0;220;20;2.0;1.0;1.0;2.0;2.0
51321;2;1;1;1.0;8;0;0;20;0;0;40;520;140;0;120;0;260;20;?;?;?;?;?
51326;1;1;2;1.0;7;0;130;30;0;0;20;540;110;0;60;0;110;0;2.0;1.0;1.0;1.0;1.0
51326;2;1;1;1.0;8;0;10;0;0;0;10;540;110;0;30;0;210;10;?;?;?;?;?
51327;1;2;2;2.0;6;?;30;20;0;0;30;470;60;0;60;0;40;20;1.0;1.0;1.0;1.0;2.0
51327;2;2;1;2.0;7;480;40;0;0;0;0;400;120;0;30;0;90;0;2.0;2.0;1.0;2.0;1.0
51328;1;2;1;1.0;7;0;0;0;0;0;0;530;60;0;130;0;180;0;2.0;2.0;2.0;2.0;1.0
51328;2;2;2;1.0;6;0;80;0;0;0;0;650;70;0;50;0;90;10;2.0;1.0;2.0;1.0;1.0
51336;1;1;2;1.0;5;0;20;0;0;0;0;240;80;0;110;0;40;10;1.0;2.0;1.0;1.0;2.0
51341;1;2;1;1.0;5;0;0;0;0;0;0;610;90;0;0;0;170;0;1.0;1.0;1.0;1.0;1.0
51345;1;2;1;1.0;6;470;60;10;20;0;0;520;120;0;20;0;60;0;1.0;1.0;2.0;2.0;1.0
51345;2;2;2;1.0;5;480;30;0;20;0;20;500;90;0;30;0;70;0;1.0;1.0;2.0;1.0;1.0
51347;1;1;1;1.0;5;470;0;0;0;?;20;460;50;0;0;0;40;0;1.0;1.0;1.0;2.0;2.0
51347;2;1;2;1.0;5;600;0;0;0;0;10;520;60;0;10;0;100;0;1.0;1.0;1.0;2.0;2.0
51350;1;2;2;1.0;6;400;30;0;0;0;0;550;70;0;0;0;100;30;1.0;1.0;1.0;1.0;?
51350;2;2;1;1.0;7;0;10;10;0;0;10;490;140;0;0;0;210;20;2.0;1.0;1.0;1.0;1.0
51351;1;2;1;3.0;7;0;0;0;0;0;200;580;150;0;40;0;0;0;2.0;2.0;2.0;1.0;1.0
51353;1;1;2;1.0;5;0;20;50;10;20;0;600;70;0;0;0;0;0;2.0;2.0;2.0;1.0;?
51353;2;1;1;1.0;5;0;20;10;20;0;0;800;70;0;0;0;0;0;1.0;1.0;1.0;1.0;1.0
51358;1;2;1;1.0;5;1150;0;0;0;0;0;290;0;0;0;0;0;0;1.0;2.0;1.0;1.0;1.0
51358;2;2;2;1.0;4;0;60;70;120;20;0;450;90;0;0;0;310;10;2.0;1.0;2.0;1.0;2.0
51361;1;1;2;1.0;6;370;30;10;0;0;110;500;130;0;0;0;60;50;1.0;1.0;2.0;2.0;2.0
51361;2;1;1;1.0;6;0;70;0;0;0;110;570;50;0;30;0;160;0;1.0;2.0;2.0;1.0;2.0
51364;1;2;2;3.0;5;0;80;40;0;0;0;710;60;0;60;0;90;0;1.0;1.0;2.0;1.0;1.0
51364;2;2;1;3.0;6;50;10;0;0;20;0;480;70;0;110;0;70;0;1.0;2.0;2.0;1.0;1.0
51365;1;1;2;1.0;7;0;70;0;0;0;30;410;120;0;0;0;200;0;1.0;1.0;2.0;1.0;2.0
51365;2;1;1;1.0;7;340;0;0;0;0;40;400;80;0;0;0;270;0;2.0;1.0;2.0;2.0;1.0
51366;1;2;2;3.0;8;0;60;10;0;0;0;540;100;0;0;0;300;150;2.0;1.0;2.0;?;2.0
51366;2;2;1;3.0;9;0;40;0;0;0;0;480;110;0;50;10;340;0;2.0;1.0;2.0;2.0;2.0
51367;1;1;1;1.0;3;520;0;0;0;0;0;440;80;0;0;0;100;0;2.0;2.0;2.0;1.0;2.0
51369;1;1;2;2.0;5;590;30;10;0;0;60;390;30;0;0;0;200;0;1.0;2.0;2.0;1.0;1.0
51369;2;1;1;2.0;6;430;0;0;0;0;0;440;150;0;70;0;110;0;1.0;2.0;2.0;1.0;1.0
51378;1;1;1;1.0;8;0;10;0;0;0;0;540;140;0;0;0;410;0;2.0;1.0;2.0;2.0;1.0
51378;2;1;2;1.0;8;0;120;50;0;0;0;540;80;0;0;10;110;0;?;1.0;2.0;2.0;1.0
51389;1;1;1;1.0;8;0;0;0;0;0;0;480;90;0;50;0;220;0;2.0;1.0;2.0;1.0;1.0
51389;2;1;2;1.0;8;0;70;0;0;0;0;520;40;0;160;0;40;0;2.0;1.0;2.0;1.0;2.0
51391;1;1;2;1.0;9;0;50;30;0;0;0;510;60;0;120;0;250;70;?;1.0;1.0;2.0;1.0
51392;1;1;2;1.0;6;0;10;20;0;0;0;?;10;0;?;0;180;40;1.0;2.0;1.0;2.0;1.0
51392;2;1;1;1.0;5;0;10;0;0;0;20;760;30;?;0;0;140;0;1.0;1.0;2.0;2.0;1.0
51396;1;2;1;1.0;6;0;0;0;0;0;0;630;210;0;60;0;?;0;1.0;1.0;1.0;1.0;1.0
51407;1;2;1;1.0;7;0;60;0;0;0;10;560;120;0;0;0;470;0;2.0;2.0;2.0;1.0;2.0
51410;1;1;2;1.0;4;0;120;20;20;40;30;380;40;0;0;0;140;0;1.0;2.0;2.0;1.0;1.0
51415;1;2;2;1.0;5;350;0;0;0;0;0;480;40;0;0;0;0;0;1.0;2.0;2.0;1.0;2.0
51418;1;1;1;3.0;7;0;40;20;0;0;0;540;90;0;0;0;350;30;2.0;2.0;2.0;1.0;?
51420;1;2;2;2.0;7;0;30;20;0;0;50;480;50;0;50;0;230;10;2.0;2.0;2.0;1.0;2.0
51420;2;2;1;2.0;8;0;0;10;0;0;0;670;90;0;50;0;130;0;2.0;1.0;2.0;1.0;2.0
51421;1;1;1;3.0;9;01:50;00:00;00:00;00:00;00:00;00:00;10:00;01:40;00:00;03:30;00:00;03:40;00:00;2.0;2.0;2.0;2.0;1.0
51421;2;1;1;3.0;7;15:10;00:00;00:00;00:00;00:00;00:00;07:30;01:20;00:00;00:00;00:00;00:00;00:00;1.0;2.0;2.0;1.0;1.0
51429;2;2;2;1.0;5;400;50;0;0;0;70;440;70;0;40;0;0;0;2.0;2.0;2.0;1.0;2.0
51433;1;2;1;1.0;5;08:30;00:00;00:00;00:00;00:00;00:00;07:20;00:50;00:00;00:00;00:00;01:30;00:00;1.0;2.0;2.0;1.0;2.0
51434;1;2;2;2.0;7;0;50;10;0;0;40;570;80;0;50;0;90;50;1.0;1.0;1.0;1.0;1.0
51436;1;1;2;1.0;4;240;0;0;0;0;0;630;50;0;80;0;50;0;2.0;2.0;2.0;2.0;2.0
51437;1;2;2;1.0;6;460;20;0;0;0;10;530;80;0;20;0;40;0;1.0;1.0;1.0;1.0;1.0
51440;1;2;1;1.0;7;50;30;0;0;0;40;610;70;0;80;0;210;10;2.0;2.0;2.0;2.0;1.0
51440;2;2;2;1.0;7;0;50;20;0;0;10;530;50;0;50;0;230;20;2.0;1.0;2.0;1.0;1.0
51442;1;1;2;3.0;5;310;30;10;0;0;10;390;80;0;40;0;10;30;1.0;2.0;2.0;1.0;1.0
51442;2;1;1;3.0;5;650;0;0;0;0;0;380;110;0;60;0;40;70;1.0;1.0;2.0;2.0;1.0
51450;1;1;1;1.0;9;0;40;0;0;0;0;580;60;0;0;20;130;10;2.0;2.0;2.0;2.0;2.0
51456;1;1;1;1.0;4;09:10;00:00;00:10;00:00;00:30;01:10;06:10;01:50;00:00;00:10;00:00;01:20;00:10;?;?;?;?;?
51456;2;1;2;1.0;4;03:00;01:10;00:10;00:10;00:30;00:50;08:00;01:30;00:00;03:30;00:00;01:00;00:20;1.0;2.0;2.0;1.0;1.0
51459;1;2;2;3.0;7;0;100;20;0;0;0;490;110;0;0;0;360;0;2.0;1.0;1.0;2.0;2.0
51459;2;2;1;3.0;7;0;0;0;0;0;0;620;100;0;140;0;280;0;2.0;2.0;2.0;2.0;2.0
51462;1;1;2;2.0;6;400;30;0;0;0;0;620;90;0;0;0;200;0;2.0;1.0;2.0;2.0;1.0
51467;1;2;1;1.0;8;0;10;0;0;0;0;540;50;0;110;30;160;0;2.0;2.0;2.0;1.0;2.0
51467;2;2;2;1.0;8;0;60;0;0;0;50;560;60;0;60;140;90;30;2.0;1.0;2.0;1.0;2.0
51473;1;1;1;1.0;4;00:00;00:00;00:00;00:00;00:00;00:00;14:20;00:40;00:00;00:00;00:00;04:30;00:00;1.0;1.0;1.0;1.0;2.0
51477;1;2;1;3.0;8;0;20;0;0;0;80;540;80;0;50;40;150;0;2.0;2.0;2.0;1.0;2.0
51479;1;2;1;3.0;6;300;0;0;0;0;0;620;130;0;30;0;110;0;1.0;1.0;2.0;2.0;1.0
51479;2;2;2;3.0;6;0;20;10;0;0;20;510;130;0;70;20;30;0;1.0;1.0;2.0;1.0;1.0
51480;1;1;2;1.0;7;0;40;10;0;0;60;710;80;0;20;0;70;10;1.0;1.0;2.0;2.0;2.0
51480;2;1;1;1.0;8;0;10;10;0;0;50;570;40;0;230;50;90;0;1.0;2.0;2.0;2.0;2.0
51484;1;1;2;1.0;4;390;0;0;0;0;0;500;20;0;0;0;0;0;1.0;1.0;2.0;1.0;2.0
51484;2;1;1;1.0;4;510;0;0;0;0;0;390;80;0;0;0;360;0;1.0;2.0;2.0;1.0;1.0
51493;1;2;2;1.0;6;0;30;20;0;0;0;680;70;0;50;0;100;30;180.0;0.0;0.0;0.0;120.0
51493;2;2;1;1.0;7;0;10;10;0;0;20;630;80;0;100;0;240;0;60.0;0.0;0.0;180.0;0.0
51494;1;2;1;1.0;5;400;0;0;0;0;20;390;50;0;20;0;190;0;2.0;2.0;2.0;2.0;2.0
51494;2;2;2;1.0;5;450;0;0;0;0;20;270;70;0;10;0;220;0;2.0;2.0;2.0;2.0;2.0
51495;1;1;1;1.0;5;0;20;10;30;90;110;520;210;0;0;0;190;0;1.0;1.0;2.0;1.0;1.0
51495;2;1;2;1.0;4;0;80;0;250;60;70;410;110;0;0;0;180;40;1.0;1.0;1.0;1.0;2.0
51496;1;1;2;2.0;4;0;50;40;260;140;0;540;70;0;0;0;60;10;2.0;2.0;2.0;1.0;1.0
51496;2;1;1;2.0;4;460;0;0;0;0;?;450;110;0;30;0;170;0;2.0;2.0;2.0;1.0;1.0
51497;1;1;1;1.0;9;0;0;0;0;0;0;650;80;0;130;0;350;0;1.0;1.0;1.0;1.0;1.0
51497;2;1;2;1.0;9;0;?;10;0;0;0;590;70;0;130;0;300;0;1.0;2.0;?;1.0;1.0
51503;1;2;1;1.0;5;520;40;0;0;0;?;380;150;0;30;0;90;0;1.0;2.0;1.0;1.0;1.0
51507;1;1;1;1.0;5;0;40;0;0;0;30;580;70;0;30;10;80;0;1.0;1.0;1.0;1.0;1.0
51507;2;1;2;1.0;5;0;40;0;0;0;40;590;70;0;40;0;60;0;1.0;1.0;1.0;1.0;1.0
51509;1;1;1;3.0;7;0;70;10;0;0;0;530;50;0;0;0;220;0;2.0;2.0;2.0;2.0;2.0
51513;1;2;2;1.0;5;490;30;10;10;0;0;450;90;0;0;0;80;40;1.0;2.0;1.0;2.0;1.0
51513;2;2;1;1.0;6;340;20;0;0;0;60;530;90;0;0;0;120;10;1.0;2.0;2.0;1.0;1.0
51515;1;2;1;1.0;6;470;0;0;0;0;20;470;60;0;0;0;190;0;1.0;2.0;2.0;2.0;1.0
51517;1;2;2;1.0;8;0;120;50;0;0;0;610;110;0;30;0;90;0;1.0;1.0;1.0;1.0;1.0
51517;2;2;1;1.0;8;0;40;0;0;0;0;610;130;0;0;0;140;0;2.0;2.0;1.0;2.0;1.0
51524;1;1;1;1.0;6;0;0;30;0;0;40;590;100;0;130;70;140;0;2.0;2.0;1.0;1.0;2.0
51533;1;1;2;1.0;6;400;10;30;0;0;0;430;80;0;0;0;0;0;1.0;1.0;1.0;1.0;2.0
51534;1;1;1;2.0;7;0;0;10;0;0;0;640;110;0;160;0;150;0;1.0;1.0;1.0;1.0;1.0
51534;2;1;2;2.0;5;0;30;0;0;0;0;620;90;0;110;0;50;50;1.0;1.0;1.0;1.0;1.0
51535;1;2;2;1.0;5;510;10;0;30;0;0;430;70;0;90;0;50;0;1.0;1.0;1.0;1.0;1.0
51535;2;2;1;1.0;5;500;10;0;0;0;0;520;50;0;40;0;130;0;1.0;1.0;2.0;1.0;1.0
51536;1;2;1;1.0;4;0;0;0;0;0;30;810;20;0;0;0;320;0;1.0;2.0;1.0;1.0;1.0
51539;1;2;2;3.0;5;0;40;0;0;0;0;?;170;0;10;0;100;0;2.0;2.0;1.0;1.0;2.0
51539;2;2;1;3.0;5;0;0;?;0;0;0;630;180;0;0;0;130;0;2.0;2.0;2.0;1.0;2.0
51541;1;1;1;1.0;6;0;20;30;0;0;80;530;100;0;0;0;170;20;1.0;1.0;1.0;2.0;1.0
51541;2;1;2;1.0;6;0;20;0;0;0;80;560;70;0;40;0;50;80;1.0;1.0;2.0;1.0;1.0
51543;1;2;2;1.0;5;0;70;30;80;0;40;610;110;0;40;0;0;0;2.0;2.0;2.0;1.0;2.0
51543;2;2;1;1.0;6;640;0;0;0;0;0;620;80;0;30;0;0;0;?;?;?;?;?
51545;1;2;2;1.0;4;0;0;0;30;0;100;510;60;0;0;0;130;10;1.0;1.0;2.0;1.0;1.0
51545;2;2;1;1.0;5;0;10;0;140;0;110;490;60;0;0;0;330;0;1.0;1.0;1.0;1.0;1.0
51566;1;2;1;2.0;6;490;10;20;0;0;0;430;100;0;0;0;260;0;1.0;1.0;1.0;1.0;1.0
51566;2;2;2;2.0;6;450;?;20;0;0;10;370;100;0;0;0;0;20;1.0;1.0;1.0;1.0;1.0
51567;1;2;2;1.0;6;0;80;0;0;0;20;490;10;0;350;0;210;0;2.0;2.0;2.0;1.0;2.0
51569;1;1;2;2.0;5;0;10;40;60;40;0;470;140;0;80;0;170;0;2.0;1.0;2.0;1.0;1.0
51569;2;1;1;2.0;6;0;40;?;30;60;0;540;80;0;80;0;170;0;1.0;1.0;2.0;1.0;1.0
51579;1;2;1;3.0;4;0;?;0;0;0;0;580;60;0;0;0;540;0;1.0;2.0;2.0;1.0;2.0
51579;2;2;2;3.0;3;410;0;?;0;0;0;680;20;0;20;0;50;?;1.0;2.0;1.0;1.0;1.0
51590;1;1;2;1.0;3;30;10;0;160;130;0;650;60;0;30;0;160;0;1.0;2.0;2.0;2.0;2.0
51590;2;1;1;1.0;3;0;10;0;40;30;10;540;40;0;40;0;10;0;2.0;2.0;2.0;2.0;2.0
51592;1;2;1;1.0;3;0;20;0;0;0;0;710;40;0;0;0;250;0;1.0;2.0;1.0;1.0;2.0
51594;1;2;1;3.0;5;640;40;0;0;0;40;480;40;0;10;0;40;0;2.0;2.0;2.0;1.0;1.0
51601;1;1;2;1.0;6;30;50;0;10;0;90;530;90;0;10;0;80;0;1.0;1.0;2.0;?;2.0
51601;2;1;1;1.0;7;240;0;0;0;0;90;560;60;0;20;0;340;0;?;?;?;?;?
51610;1;2;1;1.0;5;0;0;0;0;0;0;550;140;0;0;0;120;0;2.0;2.0;2.0;2.0;1.0
51610;2;2;2;1.0;5;0;60;30;0;0;30;550;130;0;100;0;90;0;2.0;1.0;2.0;1.0;2.0
51613;1;2;1;1.0;8;0;0;0;0;0;0;430;120;0;230;0;210;20;2.0;2.0;2.0;2.0;2.0
51613;2;2;2;1.0;7;0;60;40;0;0;0;480;90;0;180;0;70;10;2.0;1.0;1.0;1.0;2.0
51615;1;1;1;3.0;8;0;0;0;0;0;0;560;60;0;40;0;120;0;60.0;120.0;180.0;0.0;0.0
51615;2;1;2;3.0;7;0;50;10;0;0;70;560;80;0;100;?;90;0;120.0;0.0;60.0;0.0;0.0
51619;1;1;1;1.0;8;0;0;0;0;0;50;510;100;0;0;0;190;0;2.0;2.0;2.0;2.0;1.0
51620;1;2;1;1.0;8;0;70;10;0;0;20;470;80;0;10;0;250;0;2.0;2.0;2.0;2.0;2.0
51625;1;1;2;1.0;5;460;0;10;0;0;0;350;70;0;0;0;40;0;1.0;1.0;2.0;2.0;2.0
51625;2;1;1;1.0;5;400;10;0;0;0;0;?;20;0;?;0;190;0;?;?;?;?;?
51631;1;1;1;3.0;5;410;20;0;0;0;0;490;70;0;20;0;90;0;1.0;2.0;1.0;1.0;1.0
51631;2;1;2;3.0;5;0;50;10;20;0;60;510;170;0;10;0;20;0;2.0;2.0;1.0;1.0;1.0
51633;1;1;1;3.0;6;09:20;00:00;00:00;00:00;00:00;00:40;07:20;01:00;00:00;00:10;00:00;01:50;00:00;?;?;?;?;?
51633;2;1;2;3.0;6;00:00;00:20;00:00;00:00;00:00;00:40;09:40;01:20;00:00;01:10;00:00;03:30;00:00;2.0;2.0;2.0;1.0;1.0
51635;1;2;1;1.0;9;0;0;0;0;0;0;770;80;0;0;0;550;0;?;?;?;?;?
51635;2;2;2;1.0;7;0;100;50;0;0;50;430;?;0;100;0;290;0;2.0;1.0;2.0;2.0;2.0
51636;1;1;2;1.0;7;0;30;10;0;0;90;670;70;0;0;0;0;0;2.0;2.0;2.0;2.0;1.0
51636;2;1;1;1.0;7;0;30;0;0;0;0;660;60;0;70;0;170;0;1.0;2.0;2.0;1.0;2.0
51637;1;2;1;1.0;4;07:20;00:00;00:00;00:00;00:00;00:00;08:30;02:20;00:00;00:00;00:00;00:00;00:00;1.0;2.0;1.0;1.0;1.0
51637;2;2;2;1.0;4;07:30;00:00;00:00;00:00;00:00;00:00;10:00;01:10;00:00;00:00;00:00;00:00;00:00;?;?;?;?;?
51640;1;2;2;2.0;7;0;20;0;0;0;40;680;100;0;0;0;170;0;2.0;1.0;2.0;2.0;2.0
51640;2;2;1;2.0;7;0;10;20;0;0;0;560;60;0;20;0;410;0;2.0;2.0;2.0;2.0;2.0
51645;1;1;1;1.0;4;00:00;00:30;00:30;03:00;00:30;00:00;07:50;03:40;00:00;00:00;00:00;00:00;00:00;2.0;2.0;?;1.0;2.0
51645;2;1;2;1.0;4;00:00;01:10;01:10;01:40;00:30;00:00;07:50;03:20;00:00;00:20;00:00;00:00;00:10;2.0;2.0;?;1.0;2.0
51655;1;1;1;1.0;7;0;10;0;0;0;0;370;50;0;120;0;40;10;1.0;2.0;1.0;1.0;2.0
51655;2;1;2;1.0;7;0;10;10;0;0;0;450;70;0;70;0;190;10;1.0;1.0;1.0;1.0;1.0
51657;1;2;1;1.0;8;0;0;0;0;0;0;700;90;0;30;0;90;0;2.0;2.0;2.0;2.0;2.0
51657;2;2;2;1.0;8;0;60;40;0;0;10;640;180;0;30;10;110;30;2.0;1.0;1.0;1.0;2.0
51659;1;1;1;3.0;9;0;10;10;0;0;0;520;50;0;120;0;30;60;2.0;1.0;1.0;1.0;2.0
51659;2;1;2;3.0;8;0;20;10;0;0;80;520;40;0;70;0;70;0;?;?;?;?;?
51661;1;2;2;1.0;5;0;240;20;0;0;20;410;100;0;0;0;110;0;2.0;1.0;2.0;1.0;2.0
51661;2;2;1;1.0;5;0;?;0;0;0;0;420;70;0;0;0;80;0;2.0;2.0;2.0;2.0;2.0
51667;1;1;2;2.0;5;460;30;10;50;0;30;470;70;0;0;0;70;0;1.0;1.0;2.0;1.0;1.0
51673;1;2;2;2.0;5;0;70;20;0;0;20;880;80;0;0;0;120;0;2.0;1.0;2.0;1.0;1.0
51673;2;2;1;2.0;5;360;10;0;0;0;40;510;50;0;0;0;170;0;2.0;2.0;2.0;2.0;1.0
51675;1;1;1;1.0;6;0;30;10;0;0;30;470;110;0;50;0;150;10;2.0;2.0;1.0;1.0;1.0
51675;2;1;2;1.0;6;0;0;10;0;0;20;460;150;0;220;0;130;0;1.0;2.0;1.0;1.0;2.0
51679;1;1;1;1.0;5;0;30;10;0;0;40;550;80;0;110;0;340;0;1.0;1.0;2.0;1.0;1.0
51679;2;1;2;1.0;5;?;20;0;0;0;30;420;250;0;40;0;0;0;1.0;1.0;1.0;1.0;1.0
51682;1;1;1;3.0;8;0;80;10;0;0;20;500;80;0;60;0;50;10;2.0;1.0;1.0;1.0;1.0
51684;1;2;2;1.0;4;0;40;10;120;90;20;550;90;0;0;0;150;10;1.0;1.0;1.0;1.0;2.0
51684;2;2;1;1.0;5;430;10;0;70;40;0;530;90;0;0;0;150;0;2.0;2.0;2.0;1.0;1.0
51688;1;2;2;1.0;9;0;60;30;0;0;0;440;100;0;200;450;?;0;2.0;2.0;2.0;2.0;2.0
51689;1;1;2;2.0;5;340;10;0;30;0;90;490;50;0;0;0;60;0;2.0;1.0;2.0;1.0;1.0
51690;1;1;2;1.0;3;0;40;0;0;0;90;280;50;0;0;0;180;0;1.0;2.0;2.0;1.0;2.0
51690;2;1;1;1.0;3;0;0;0;0;0;40;200;10;430;10;0;60;0;1.0;2.0;2.0;1.0;2.0
51693;1;1;1;3.0;8;0;0;0;0;0;0;610;80;0;130;0;170;10;1.0;1.0;1.0;1.0;2.0
51693;2;1;2;3.0;7;0;50;20;0;0;0;560;60;0;160;10;210;10;1.0;1.0;1.0;1.0;2.0
51701;1;2;2;1.0;5;00:00;01:00;00:20;00:30;00:30;00:50;13:30;01:10;00:00;01:20;00:00;00:00;00:00;1.0;1.0;1.0;1.0;2.0
51701;2;2;1;1.0;5;00:00;00:30;00:30;00:10;00:00;01:30;12:20;01:20;00:00;00:00;00:00;00:00;00:00;1.0;1.0;1.0;1.0;1.0
51703;1;1;2;1.0;6;0;100;30;0;0;0;490;90;0;40;0;120;0;2.0;2.0;2.0;2.0;2.0
51705;1;2;2;1.0;6;0;0;0;0;0;0;600;90;0;0;0;300;0;2.0;1.0;1.0;1.0;1.0
51717;1;2;2;3.0;6;0;40;50;0;0;50;520;100;0;0;30;30;0;2.0;1.0;1.0;1.0;1.0
51717;2;2;1;3.0;6;200;20;0;0;0;100;470;100;0;0;0;220;0;2.0;2.0;1.0;1.0;1.0
51718;1;1;2;1.0;5;270;0;0;0;0;0;530;60;0;60;0;140;10;1.0;1.0;1.0;1.0;2.0
51729;1;2;1;3.0;6;06:40;00:20;00:00;00:00;00:00;00:40;06:50;01:00;00:00;02:50;00:00;00:50;00:00;1.0;2.0;1.0;1.0;2.0
51732;1;2;1;1.0;8;0;0;0;0;0;0;590;180;0;90;10;180;0;2.0;2.0;1.0;2.0;2.0
51732;2;2;2;1.0;7;0;10;20;0;0;0;590;80;0;40;0;240;0;2.0;2.0;2.0;2.0;2.0
51735;1;1;1;1.0;8;0;0;0;0;0;0;590;80;0;110;30;190;0;2.0;2.0;2.0;2.0;2.0
51735;2;1;2;1.0;8;0;20;0;0;0;0;570;70;0;60;0;240;0;?;?;?;?;?
51738;1;2;1;2.0;8;0;10;0;0;0;0;440;80;0;10;170;320;0;2.0;2.0;2.0;2.0;2.0
51738;2;2;2;2.0;8;0;60;50;0;0;0;470;80;0;260;150;160;0;1.0;1.0;2.0;1.0;2.0
51741;1;2;2;1.0;7;0;60;20;0;?;60;610;30;0;60;0;90;30;1.0;1.0;1.0;1.0;2.0
51741;2;2;1;1.0;7;500;?;0;0;0;10;430;90;0;30;10;100;0;2.0;2.0;1.0;1.0;2.0
51747;1;2;1;1.0;6;370;0;0;0;0;0;540;120;0;80;0;60;0;2.0;1.0;1.0;1.0;1.0
51749;2;2;2;1.0;5;0;130;40;0;0;0;780;50;0;0;0;0;0;2.0;2.0;2.0;1.0;2.0
51755;1;2;2;1.0;8;0;40;20;0;0;40;500;60;0;50;10;180;40;1.0;1.0;1.0;1.0;1.0
51755;2;2;1;1.0;9;0;0;0;0;0;0;540;70;0;180;30;160;0;1.0;1.0;1.0;1.0;?
51773;1;2;2;3.0;4;40;110;20;130;0;0;420;110;0;10;10;80;0;1.0;1.0;1.0;2.0;1.0
51774;1;1;1;1.0;6;00:00;00:50;00:00;00:00;00:00;01:00;09:10;00:50;00:00;00:30;00:00;04:00;00:00;1.0;2.0;1.0;1.0;2.0
51774;2;1;2;1.0;5;00:00;00:20;00:00;00:00;00:00;00:30;10:30;00:40;00:00;00:00;00:00;05:50;01:10;?;?;?;?;?
51781;1;2;1;1.0;7;0;0;0;0;0;0;530;70;0;100;0;230;0;2.0;1.0;1.0;2.0;2.0
51781;2;2;2;1.0;7;0;150;90;0;0;?;540;120;0;30;0;0;0;2.0;1.0;1.0;2.0;2.0
51783;1;2;2;1.0;9;0;90;50;0;0;40;570;160;0;40;0;50;0;2.0;2.0;2.0;2.0;2.0
51788;1;2;2;1.0;5;490;0;10;30;0;0;470;50;0;0;0;100;0;2.0;2.0;2.0;2.0;1.0
51788;2;2;1;1.0;6;70;0;0;40;0;50;520;30;0;20;0;150;0;?;?;?;?;?
51789;1;1;2;1.0;9;0;30;10;0;0;0;530;?;0;210;0;200;40;2.0;2.0;1.0;1.0;2.0
51792;1;1;2;1.0;7;0;50;40;0;0;0;520;70;0;70;0;90;0;2.0;1.0;1.0;1.0;2.0
51792;2;1;1;1.0;7;0;20;0;0;0;0;520;60;0;?;0;230;0;2.0;1.0;1.0;2.0;1.0
51799;1;1;1;1.0;7;0;60;10;0;0;0;590;110;0;70;0;180;60;1.0;1.0;1.0;1.0;2.0
51799;2;1;2;1.0;7;0;50;40;0;0;0;550;70;0;90;0;280;0;?;?;?;?;?
51801;1;1;2;1.0;5;0;40;20;0;0;0;590;70;0;30;0;220;0;1.0;1.0;1.0;1.0;2.0
51801;2;1;1;1.0;6;0;20;10;0;0;0;720;50;0;110;0;280;0;1.0;1.0;1.0;1.0;1.0
51810;1;2;1;1.0;5;00:00;02:30;00:00;00:00;00:00;00:00;09:00;03:50;00:00;01:40;00:00;00:00;00:00;1.0;2.0;1.0;1.0;1.0
51817;1;1;2;1.0;6;70;20;0;0;0;0;510;280;0;60;0;60;0;1.0;2.0;1.0;1.0;2.0
51820;1;1;1;1.0;6;520;10;10;?;0;0;480;90;0;10;0;60;0;2.0;2.0;1.0;2.0;1.0
51820;2;1;2;1.0;6;0;70;30;0;0;30;550;110;0;50;0;120;30;1.0;2.0;1.0;1.0;2.0
51822;1;1;1;2.0;9;0;10;30;0;0;0;580;140;0;90;0;340;0;2.0;?;2.0;2.0;2.0
51822;2;1;2;2.0;9;0;50;10;0;0;0;570;140;0;80;0;330;30;2.0;2.0;2.0;1.0;2.0
51828;1;1;2;1.0;7;0;100;20;0;0;20;580;110;0;0;50;140;0;2.0;1.0;2.0;1.0;1.0
51829;2;1;2;1.0;6;0;80;30;0;130;20;570;80;0;20;0;60;10;1.0;2.0;2.0;1.0;2.0
51833;2;1;1;1.0;6;0;20;0;0;0;0;720;210;0;0;10;0;0;2.0;2.0;2.0;1.0;1.0
51837;2;1;2;1.0;6;470;40;10;0;0;10;530;?;0;0;0;80;0;1.0;1.0;2.0;1.0;1.0
51841;1;1;2;1.0;9;0;30;80;0;0;60;550;100;0;?;0;190;10;2.0;1.0;2.0;1.0;2.0
51841;2;1;1;1.0;9;0;30;50;0;0;60;550;110;0;80;20;120;0;2.0;1.0;1.0;2.0;2.0
51846;1;1;1;1.0;5;0;30;0;0;0;20;460;90;0;0;0;80;0;2.0;2.0;2.0;1.0;1.0
51846;2;1;2;1.0;4;0;50;0;0;0;20;460;310;0;0;0;100;0;2.0;2.0;2.0;1.0;1.0
51848;1;1;2;1.0;6;00:00;01:10;00:40;00:00;00:00;00:00;10:30;02:30;00:00;01:10;00:00;02:00;00:30;1.0;1.0;1.0;2.0;2.0
51857;1;1;1;1.0;7;00:00;00:10;00:00;00:00;00:00;00:00;08:10;01:40;00:00;00:00;00:00;00:00;00:00;1.0;1.0;1.0;1.0;1.0
51857;2;1;2;1.0;7;00:00;00:00;00:00;00:00;00:00;00:00;08:00;01:50;00:00;00:00;00:00;00:00;00:00;1.0;1.0;1.0;1.0;2.0
51858;1;2;2;1.0;5;0;60;20;60;240;0;590;110;0;0;0;210;0;1.0;?;1.0;1.0;2.0
51858;2;2;1;1.0;5;0;20;0;50;0;120;430;70;0;110;0;320;30;1.0;2.0;1.0;1.0;2.0
51861;1;2;2;1.0;5;450;20;20;40;0;10;380;110;0;50;0;120;0;1.0;1.0;1.0;1.0;1.0
51861;2;2;1;1.0;5;650;20;0;0;0;0;410;90;0;0;0;130;0;1.0;1.0;2.0;2.0;1.0
51865;1;1;1;1.0;4;0;30;0;0;0;30;520;50;0;80;0;120;0;1.0;2.0;2.0;1.0;2.0
51865;2;1;2;1.0;5;0;?;30;0;0;20;500;100;0;40;0;50;0;2.0;2.0;2.0;1.0;1.0
51866;1;1;2;2.0;4;540;20;0;50;0;0;450;50;0;0;0;0;0;1.0;1.0;2.0;1.0;1.0
51867;2;2;1;2.0;6;530;10;0;50;0;0;420;120;0;10;0;150;10;2.0;2.0;1.0;1.0;1.0
51869;2;1;2;1.0;7;0;40;20;0;0;60;530;40;0;0;0;200;0;1.0;1.0;1.0;1.0;1.0
51873;1;2;2;1.0;8;0;50;10;0;0;0;430;50;0;270;0;100;10;1.0;1.0;1.0;1.0;2.0
51873;2;2;1;1.0;8;0;0;0;0;0;40;400;60;0;200;0;100;0;1.0;1.0;1.0;1.0;2.0
51877;1;1;2;3.0;4;0;80;10;20;30;20;580;60;?;100;30;60;10;1.0;2.0;2.0;1.0;2.0
51877;2;1;1;3.0;5;490;20;0;90;0;0;510;110;0;10;0;10;0;1.0;2.0;2.0;1.0;2.0
51883;1;2;2;2.0;7;07:30;00:20;00:00;00:00;00:00;00:30;07:20;01:20;00:00;00:10;00:00;00:50;00:00;1.0;1.0;1.0;1.0;1.0
51883;2;2;1;2.0;4;15:40;00:00;00:00;00:00;00:00;00:00;07:10;00:40;00:00;00:00;00:00;00:00;00:00;2.0;2.0;1.0;1.0;1.0
51884;1;2;1;1.0;7;0;10;10;0;0;0;530;150;0;170;0;80;0;240.0;0.0;0.0;0.0;120.0
51884;2;2;2;1.0;7;0;30;0;0;0;60;350;190;0;40;0;210;30;0.0;0.0;0.0;0.0;0.0
51887;1;2;2;3.0;8;0;170;60;0;0;0;510;100;0;110;110;0;0;2.0;2.0;2.0;1.0;2.0
51891;2;2;2;1.0;7;00:00;00:00;00:00;00:00;00:00;00:00;06:20;00:40;00:00;00:00;00:00;00:10;00:00;2.0;1.0;2.0;1.0;?
51893;1;2;2;1.0;4;0;10;0;0;0;20;280;220;170;10;0;0;0;1.0;1.0;1.0;1.0;2.0
51898;1;1;2;1.0;8;0;40;0;0;0;10;560;80;0;50;0;250;0;2.0;1.0;2.0;2.0;1.0
51898;2;1;1;1.0;7;0;40;0;0;0;40;?;80;0;30;0;320;0;2.0;1.0;2.0;2.0;1.0
51900;1;1;1;1.0;5;0;50;10;50;90;0;480;100;0;40;0;300;0;1.0;2.0;2.0;2.0;1.0
51900;2;1;2;1.0;5;0;70;60;70;50;20;560;100;0;0;0;30;0;1.0;1.0;2.0;1.0;1.0
51902;1;1;2;2.0;4;0;80;30;50;0;30;570;110;0;20;0;60;0;1.0;2.0;2.0;1.0;1.0
51902;2;1;1;2.0;4;0;0;0;0;0;0;630;50;0;0;0;80;0;2.0;2.0;2.0;1.0;1.0
51904;1;1;2;1.0;4;0;60;0;140;120;0;480;100;0;30;0;240;20;1.0;2.0;1.0;1.0;1.0
51904;2;1;1;1.0;4;0;10;10;80;170;0;500;100;0;10;0;210;0;1.0;2.0;2.0;1.0;1.0
51905;1;1;2;3.0;5;0;0;0;0;0;110;490;100;0;0;0;?;40;2.0;2.0;1.0;1.0;1.0
51914;1;2;1;1.0;6;460;0;0;0;0;0;420;120;0;20;0;190;0;2.0;1.0;1.0;1.0;1.0
51914;2;2;2;1.0;6;620;10;10;0;0;0;150;220;0;0;0;0;0;1.0;1.0;2.0;1.0;1.0
51918;1;2;1;3.0;6;0;0;0;0;0;0;570;60;0;0;0;90;0;2.0;1.0;2.0;2.0;2.0
51918;2;2;2;3.0;6;0;10;0;0;0;0;570;60;0;0;0;100;0;2.0;1.0;2.0;1.0;2.0
51920;1;1;1;3.0;7;00:00;00:10;00:00;00:00;00:00;00:00;08:10;02:10;00:00;00:00;00:00;04:40;00:00;2.0;2.0;2.0;2.0;1.0
51920;2;1;2;3.0;7;00:00;01:20;00:30;00:00;00:00;00:00;09:10;02:00;00:00;01:10;00:00;03:00;00:00;2.0;1.0;2.0;2.0;1.0
51921;1;1;2;2.0;6;0;100;10;0;0;0;580;40;0;50;0;140;10;2.0;1.0;2.0;1.0;2.0
51921;2;1;1;2.0;7;0;0;0;0;0;?;550;60;0;20;0;140;0;2.0;1.0;1.0;1.0;1.0
51923;1;1;1;1.0;8;0;60;10;0;0;10;610;60;0;?;0;160;0;2.0;2.0;1.0;2.0;2.0
51926;1;1;1;3.0;7;0;20;0;0;0;0;600;170;0;30;0;320;0;1.0;1.0;2.0;1.0;1.0
51926;2;1;2;3.0;7;0;130;90;0;0;0;560;170;0;40;0;210;0;1.0;1.0;2.0;1.0;2.0
51929;1;1;1;2.0;7;0;130;20;0;0;0;410;110;0;0;60;0;0;2.0;2.0;2.0;1.0;1.0
51932;1;1;2;1.0;3;440;50;20;0;0;0;650;60;0;0;0;?;0;1.0;2.0;1.0;1.0;2.0
51932;2;1;1;1.0;3;0;20;0;0;0;0;420;20;0;0;0;80;0;1.0;2.0;1.0;1.0;1.0
51935;1;1;2;1.0;5;0;40;0;0;0;120;680;40;0;50;0;160;20;1.0;2.0;1.0;2.0;2.0
51935;2;1;1;1.0;5;0;0;0;0;0;0;1050;20;0;0;0;240;0;1.0;2.0;1.0;1.0;2.0
51936;1;1;2;1.0;4;0;0;0;0;0;20;620;270;0;180;0;0;30;1.0;1.0;1.0;1.0;2.0
51936;2;1;1;1.0;5;0;60;0;0;0;20;510;280;0;60;0;0;0;1.0;1.0;2.0;1.0;2.0
51941;1;1;2;2.0;7;00:00;00:00;00:00;00:00;00:00;00:00;04:00;00:30;00:00;00:50;00:20;00:00;00:00;2.0;2.0;2.0;2.0;2.0
51941;2;1;1;2.0;7;00:00;01:20;00:30;00:00;00:00;01:00;04:30;02:00;00:00;03:10;01:10;03:10;00:10;2.0;2.0;2.0;2.0;1.0
51947;1;2;1;1.0;7;40;0;0;0;0;0;670;80;0;30;0;70;0;1.0;1.0;2.0;2.0;2.0
51947;2;2;2;1.0;7;0;10;20;0;0;0;580;60;0;70;0;90;0;1.0;1.0;2.0;1.0;2.0
51951;1;1;2;1.0;6;0;50;10;0;0;0;600;50;0;200;0;270;0;2.0;1.0;2.0;1.0;1.0
51964;1;1;2;1.0;7;0;10;0;0;0;0;460;70;0;360;0;260;0;1.0;2.0;1.0;1.0;2.0
51964;2;1;1;1.0;7;0;30;0;0;0;0;550;40;0;0;0;400;0;1.0;2.0;2.0;1.0;1.0
51965;1;2;2;2.0;7;0;30;20;0;0;0;540;60;0;60;0;460;40;1.0;1.0;2.0;1.0;2.0
51973;1;1;1;2.0;5;0;0;0;0;0;50;?;60;0;0;0;220;0;1.0;2.0;2.0;1.0;1.0
51973;2;1;2;2.0;4;0;80;30;0;0;60;500;90;0;10;0;290;20;1.0;1.0;2.0;2.0;1.0
51977;1;1;2;1.0;9;0;0;0;0;0;0;490;150;0;50;30;350;0;2.0;2.0;2.0;2.0;2.0
51977;2;1;2;1.0;7;0;20;40;0;0;0;500;130;0;60;0;110;0;1.0;1.0;1.0;2.0;2.0
51978;1;2;2;2.0;6;0;30;0;0;0;30;610;160;0;0;0;170;10;2.0;1.0;1.0;1.0;2.0
51978;2;2;1;2.0;6;0;0;0;0;0;0;570;80;0;0;0;220;0;2.0;1.0;2.0;2.0;2.0
51980;1;2;2;2.0;6;460;20;0;0;0;10;450;70;0;30;0;80;10;1.0;1.0;1.0;2.0;1.0
51981;1;2;2;1.0;5;0;50;0;0;0;0;790;80;0;0;0;160;40;1.0;1.0;1.0;1.0;1.0
51981;2;2;1;1.0;5;0;0;0;10;0;0;730;110;0;0;0;190;0;?;?;?;?;?
51982;1;2;2;1.0;6;0;10;0;0;0;90;490;70;0;40;0;210;10;2.0;2.0;2.0;2.0;2.0
51982;2;2;1;1.0;5;420;0;?;0;0;90;480;90;0;40;0;190;0;?;?;?;?;?
